time,open,high,low,close,Plot,Plot,Mid Price,Breakout Up,Breakout Down,Fake Breakout,Breakout midPrice Up,Breakout midPrice Down,VWAP,Upper Band #1,Lower Band #1,Upper Band #2,Lower Band #2,Basis,Upper,Lower,Basis,Upper,Lower,EMA,EMA,MA,MA,MA,MA,ATR,RSI,RSI-based MA,Regular Bullish,Regular Bullish Label,Regular Bearish,Regular Bearish Label,Histogram,MACD,Signal,%K,%D
1764972000,3.5629784646678733,3.564,3.562,3.5629999999999997,3.537,3.492,3.5145,,,,,,,,,,,3.563450000000008,3.5665508063564477,3.5603491936435683,3.563450000000008,3.5650004031782276,3.5618995968217884,3.551505731152652,3.5607644852300537,3.5385632812499948,3.5180835937499966,3.5390531250000117,3.563450000000008,0.0040049156296881215,59.49067141663747,63.66009223069348,,,,,-0.0011387862503029183,0.003596010466113686,0.004734796716416604,44.047619047612926,44.70899470898911
1764972900,3.5629892323339365,3.564,3.5629892323339365,3.564,3.537,3.492,3.5145,,,,,,,,,,,3.5636500000000075,3.5663211420919243,3.5609788579080908,3.5636500000000075,3.5649855710459657,3.5623144289540494,3.551995702479999,3.5610586229364123,3.538547656249995,3.518193749999996,3.5395406250000114,3.5636500000000075,0.003791047918000653,61.266616328240254,62.956922861386055,,,,,-0.0010466531935884524,0.003426480224431039,0.004473133418019491,45.23809523809055,44.444444444438794
1765152900,3.5634946161669685,3.5634946161669685,3.556,3.55875,3.569,3.517,3.543,,,,,,,,,,,3.5634000000000077,3.5668183329380185,3.559981667061997,3.5634000000000077,3.5651091664690133,3.561690833531002,3.552260576892548,3.560848748124011,3.5385294921874957,3.5182828124999963,3.540000000000011,3.5634000000000077,0.004091687352429178,49.09707856171012,61.65678999477428,,,,,-0.00130986212720236,0.002835805759016541,0.004145667886218901,41.66666666666387,43.650793650789105
1765153800,3.561122308083484,3.561122308083484,3.554,3.556,3.569,3.517,3.543,,,,,,,,,,,3.5628625000000076,3.567248486214759,3.5584765137852563,3.5628625000000076,3.5650554931073835,3.5606695068926317,3.5524072209359776,3.56040795284001,3.5385119140624957,3.5183609374999967,3.5404750000000114,3.5628625000000076,0.004308160261790262,44.15010077445881,59.82534034758861,,,,,-0.0016194650887135383,0.002121336525326978,0.003740801614040516,32.509157509156964,39.80463980463711
1765154700,3.558561154041742,3.558561154041742,3.554,3.5555000000000003,3.569,3.517,3.543,,,,,,,,,,,3.5624000000000082,3.567739475635009,3.5570605243650073,3.5624000000000082,3.5650697378175087,3.5597302621825078,3.5525285063894687,3.5599617753091,3.5384937499999958,3.518434374999997,3.540943750000012,3.5624000000000082,0.00432623124607255,43.29591328124776,57.93287730803071,,,,,-0.0017946361971609938,0.0014975063675892741,0.003292142564750268,17.307692307693248,30.494505494504683
1765155600,3.557030577020871,3.558,3.556,3.5570000000000004,3.569,3.517,3.543,,,,,,,,,,,3.562100000000007,3.5679232293524756,3.5562767706475387,3.562100000000007,3.5650116146762416,3.5591883853237727,3.552703859080078,3.5596925230082728,3.5384789062499955,3.5185124999999964,3.541425000000012,3.562100000000007,0.004195786157067332,46.63179066045697,56.68341206494624,,,,,-0.001744639598978256,0.0011113430660274481,0.002855982665005704,16.666666666669503,22.161172161173226
1765156500,3.557015288510436,3.558,3.557015288510436,3.558,3.569,3.517,3.543,,,,,,,,,,,3.561900000000007,3.567991797771874,3.5558082022281403,3.561900000000007,3.5649458988859406,3.5588541011140737,3.552911550880859,3.559538657280248,3.538470312499996,3.518590624999996,3.5419125000000116,3.561900000000007,0.003967515717276769,48.7945363042724,55.4606992758812,,,,,-0.001584065594153878,0.0008759006723133567,0.0024599662664672346,21.79487179487393,18.58974358974555
1765157400,3.557507644255218,3.561,3.557507644255218,3.5595,3.569,3.517,3.543,,,,,,,,,,,3.561637500000008,3.5676675808508986,3.555607419149117,3.561637500000008,3.564652540425453,3.5586224595745626,3.553169921434551,3.5595351429820434,3.5384636718749958,3.518673437499996,3.5424000000000113,3.561637500000008,0.003933575719241437,51.940665206681686,54.986757349983456,,,,,-0.0013270821299343231,0.0008011136040493305,0.0021281957339836536,32.0512820512828,23.504273504275407
1765158300,3.5585038221276086,3.563,3.558,3.56,3.569,3.517,3.543,,,,,,,,,,,3.5614875000000077,3.5675237964697755,3.55545120353024,3.5614875000000077,3.5645056482348916,3.558469351765124,3.5534377676528037,3.5595774027109486,3.5384542968749955,3.518757812499996,3.542887500000011,3.5614875000000077,0.004009748882152787,52.97777985476163,54.4889127053533,,,,,-0.0010839355573690778,0.0007732762872723065,0.0018572118446413843,39.74358974358944,31.196581196582056
1765159200,3.5592519110638046,3.5592519110638046,3.558,3.558,3.569,3.517,3.543,,,,,,,,,,,3.5611125000000072,3.5670359175181496,3.555189082481865,3.5611125000000072,3.5640742087590787,3.558150791240936,3.553616678725243,3.559434002464499,3.5384414062499956,3.5188328124999964,3.543375000000011,3.5611125000000072,0.003866195390570461,48.471860854707145,53.523949717599876,,,,,-0.0010192814766936582,0.0005831099987743116,0.0016023914754679698,39.74358974358944,37.179487179487225
1765160100,3.558625955531902,3.561,3.558,3.56025,3.569,3.517,3.543,,,,,,,,,,,3.560850000000007,3.5664276339154104,3.5552723660846035,3.560850000000007,3.5636388169577087,3.5580611830423052,3.553876808971312,3.559508184058635,3.538432226562496,3.5189195312499963,3.5439031250000115,3.560850000000007,0.003804324291244008,53.285550307476704,52.87829559085552,,,,,-0.0007963440858154073,0.0006069613681987107,0.001403305454014118,41.66666666666638,40.38461538461508
1765161000,3.559437977765951,3.561,3.556,3.5585000000000004,3.569,3.517,3.543,,,,,,,,,,,3.5606250000000075,3.5662006165653315,3.5550493834346835,3.5606250000000075,3.5634128082826693,3.5578371917173457,3.55405811058028,3.5594165309623955,3.5384208984374963,3.5189992187499968,3.544396875000011,3.5606250000000075,0.0038897296990122857,49.41863574921495,52.082647163933586,,,,,-0.0007393401549910135,0.0004791302602753511,0.0012184704152663646,37.820512820513635,39.743589743589816
1765161900,3.5589689888829756,3.5589689888829756,3.556,3.5570000000000004,3.569,3.517,3.543,,,,,,,,,,,3.560250000000008,3.5657409015724983,3.5547590984275175,3.560250000000008,3.562995450786253,3.5575045492137627,3.554173478792818,3.5591968463294505,3.538406835937496,3.519072656249997,3.544853125000011,3.560250000000008,0.0038239624978668074,46.31604507652455,50.98191480737031,,,,,-0.0007716888207904967,0.0002538593892782437,0.0010255482100687404,37.56410256410526,39.0170940170951
1765162800,3.557984494441488,3.557984494441488,3.556,3.556,3.569,3.517,3.543,,,,,,,,,,,3.560000000000007,3.5657792733192917,3.5542207266807226,3.560000000000007,3.562889636659649,3.557110363340365,3.5542451070754524,3.558906223935864,3.538392773437496,3.519144531249997,3.545303125000011,3.560000000000007,0.003692571922411175,44.31843125619411,49.961119688041734,,,,,-0.0008246785257636551,-0.000005299947135828376,0.0008193785786278267,28.205128205131697,34.529914529916866
1765164600,3.556992247220744,3.561,3.556992247220744,3.561,3.569,3.517,3.543,,,,,,,,,,,3.5599500000000077,3.5656762553276145,3.554223744672401,3.5599500000000077,3.562813127663811,3.5570868723362046,3.554510004837199,3.559096567214422,3.5383791015624957,3.519228906249997,3.5458093750000117,3.5599500000000077,0.0037859596422389406,54.81267969443076,49.62697742216983,,,,,-0.0005030422342297042,0.00019057578584069645,0.0006936180200704006,40.000000000002075,35.25641025641301
1765169100,3.558996123610372,3.563,3.558996123610372,3.563,3.569,3.517,3.543,,,,,,,,,,,3.559925000000007,3.5655931125699563,3.5542568874300575,3.559925000000007,3.5627590562849814,3.5570909437150324,3.554842945823976,3.5594514247403835,3.538361914062496,3.519324218749997,3.546346875000011,3.559925000000007,0.003801525124195299,58.205809482250174,49.408348361741965,,,,,-0.0001537647881243696,0.0005014120349149387,0.0006551768230393083,61.59685391429531,43.267327373143026
1765170000,3.5609980618051864,3.563,3.5609980618051864,3.563,3.569,3.517,3.543,,,,,,,,,,,3.559887500000007,3.565463060518666,3.554311939481348,3.559887500000007,3.5626752802593367,3.5570997197406773,3.555162830301467,3.5597740224912577,3.5383431640624954,3.5194132812499967,3.5468468750000106,3.559887500000007,0.003672983200668046,58.205809482250174,50.05897199892339,,,,,0.0000672430307105973,0.0007392306114275549,0.0006719875807169576,88.26352058096138,63.286791498419596
1765170900,3.5619990309025935,3.565,3.5619990309025935,3.565,3.569,3.517,3.543,,,,,,,,,,,3.5599875000000076,3.565847267493852,3.554127732506163,3.5599875000000076,3.56291738374693,3.5570576162530854,3.5555486016621938,3.560249111355689,3.5383224609374957,3.5195039062499966,3.54739687500001,3.5599875000000076,0.0036249821932922166,61.553959224998344,51.30210474539051,,,,,0.0003237504042725286,0.0010766755860576183,0.0007529251817850897,98.26352058096153,82.70796502540607
1765171800,3.563499515451297,3.567,3.563499515451297,3.566,3.569,3.517,3.543,,,,,,,,,,,3.560100000000007,3.566319726690087,3.553880273309927,3.560100000000007,3.563209863345047,3.5569901366549668,3.555958460420539,3.5607719194142624,3.5383013671874957,3.519592968749997,3.5479343750000103,3.560100000000007,0.0036160895043930025,63.143801991450886,52.71981108183359,,,,,0.0005245061141395991,0.0014085578244595887,0.0008840517103199895,96.96969696969599,94.49891271053964
1765172700,3.5647497577256484,3.567,3.5647497577256484,3.566,3.569,3.517,3.543,,,,,,,,,,,3.560275000000007,3.5669362686553865,3.5536137313446274,3.560275000000007,3.563605634327697,3.556944365672317,3.5563522462864,3.5612471994675112,3.5382806640624955,3.519682031249997,3.5484843750000103,3.560275000000007,0.0035185289879614864,63.14380199145088,53.89924046261887,,,,,0.0006147806958990013,0.0016525275801937411,0.0010377468842947398,93.93939393939199,96.39087049668318
1765173600,3.565374878862824,3.571,3.565374878862824,3.568,3.569,3.517,3.543,,,,,,,,,,,3.560525000000007,3.567912320224388,3.5531376797756256,3.560525000000007,3.5642186601121972,3.5568313398878164,3.5568090209418353,3.56186109042501,3.538262304687496,3.519771093749997,3.5490718750000108,3.560525000000007,0.0036689998557625273,66.36957816825468,55.15460059576048,,,,,0.0007573096222602722,0.00198438391212008,0.001227074289859808,87.2727272727251,92.72727272727104
1765174500,3.566687439431412,3.569,3.565,3.5675,3.569,3.517,3.543,,,,,,,,,,,3.5607000000000077,3.568559071196349,3.5528409288036666,3.5607000000000077,3.5646295355981783,3.556770464401837,3.5572282750225477,3.562373718568191,3.538243945312496,3.5198695312499964,3.5496593750000107,3.5607000000000077,0.0036926427232080615,64.8416516843393,56.076099629878875,,,,,0.0007638487362838925,0.0021818852102146735,0.001418036473930781,82.52525252525079,87.91245791245596
1765175400,3.567093719715706,3.569,3.567093719715706,3.569,3.569,3.517,3.543,,,,,,,,,,,3.561212500000007,3.5697992266812197,3.5526257733187943,3.561212500000007,3.565505863340613,3.556919136659401,3.557689911296173,3.5629761077892645,3.538227539062496,3.5199742187499963,3.5502468750000107,3.561212500000007,0.0035650454061427685,67.27559833129803,57.09737237820291,,,,,0.0008107036411870827,0.0024314160254146344,0.0016207123842275517,81.11111111110989,83.63636363636192
1765176300,3.568046859857853,3.569,3.567,3.5685000000000002,3.569,3.517,3.543,,,,,,,,,,,3.5618375000000073,3.5706327757251675,3.553042224274847,3.5618375000000073,3.5662351378625874,3.5574398621374272,3.558113836343382,3.563478279808422,3.538212304687496,3.5200820312499963,3.550828125000011,3.5618375000000073,0.0034532564485611266,65.64426463857416,58.32397264847912,,,,,0.0007508884060058651,0.002559322891734883,0.001808434485729018,82.22222222222136,81.95286195286067
1765177200,3.5682734299289267,3.571,3.5682734299289267,3.571,3.569,3.517,3.543,3.569,,,,,,,,,,3.5626125000000064,3.5717619193866987,3.553463080613314,3.5626125000000064,3.5671872096933526,3.5580377903066602,3.558619176094622,3.564162072553111,3.5381998046874963,3.5201945312499965,3.5514218750000106,3.5626125000000064,0.0034013502787405793,69.61199470237426,59.49014724811467,,,,,0.0008170915719181763,0.0028297989506267385,0.002012707378708562,89.9999999999997,84.44444444444365
1765178100,3.5696367149644637,3.571,3.5696367149644637,3.571,3.569,3.517,3.543,,,,,,,,,,,3.563312500000007,3.5727741000280053,3.5538508999720086,3.563312500000007,3.568043300014006,3.558581699986008,3.5591046986007155,3.56478370232101,3.538184960937497,3.5203101562499968,3.5520218750000105,3.563312500000007,0.0032557741899402887,69.61199470237426,60.932530030483186,,,,,0.0007974036743843044,0.0030094619716889426,0.002212058297304638,94.44444444444461,88.88888888888853
1765179000,3.5703183574822317,3.5703183574822317,3.569,3.569,3.569,3.517,3.543,,,,,,,,,,,3.563862500000007,3.5733037327103014,3.5544212672897126,3.563862500000007,3.5685831163551542,3.55914188364486,3.5594927496359814,3.5651670021100093,3.538163867187497,3.5204195312499964,3.55254687500001,3.563862500000007,0.0031660760335159984,62.87480362511555,62.11529849823968,,,,,0.0005954602224823831,0.0029563835754076173,0.002360923352925234,95.55555555555509,93.33333333333313
1765179900,3.569659178741116,3.571,3.569,3.5694999999999997,3.569,3.517,3.543,3.569,,,,,,,,,,3.564362500000007,3.5738854656660206,3.554839534333994,3.564362500000007,3.569123982833014,3.5596010171670005,3.5598851908267273,3.5655609110090993,3.538140234374997,3.520530468749997,3.5530718750000103,3.564362500000007,0.0030827848882648717,63.81759776768764,63.5080961062035,,,,,0.00044805571467201096,0.002920992996265248,0.002472937281593237,91.98610363932333,93.99536787977434
1765180800,3.5695795893705577,3.571,3.569,3.5700000000000003,3.569,3.517,3.543,,,,,,,,,,,3.5648625000000074,3.5744665030752527,3.555258496924762,3.5648625000000074,3.56966450153763,3.5600604984623847,3.560281850009993,3.5659644645537267,3.5381199218749964,3.520639843749996,3.5535843750000105,3.5648625000000074,0.0030054431105316823,64.78078878685304,64.22010389851938,,,,,0.0003415411386907311,0.002899863704956651,0.00255832256626592,89.20922288419229,92.25029402635688
1765181700,3.569789794685279,3.573,3.569,3.5709999999999997,3.569,3.517,3.543,,,,,,,,,,,3.5655125000000076,3.5749285434933435,3.5560964565066717,3.5655125000000076,3.5702205217466756,3.5608044782533397,3.560702169617444,3.566422240503388,3.538098437499997,3.5207523437499963,3.5541218750000105,3.5655125000000076,0.0030764828883508484,66.69062527567787,64.82616216947851,,,,,0.0002973696404576158,0.00293003461683794,0.002632664976380324,88.09900894058758,89.76477848803438
1765182600,3.5703948973426396,3.573,3.5703948973426396,3.572,3.569,3.517,3.543,,,,,,,,,,,3.566100000000007,3.5755952619804545,3.55660473801956,3.566100000000007,3.570847630990231,3.5613523690097835,3.561145221789309,3.566929309548535,3.5380828124999972,3.5208601562499964,3.5546968750000105,3.566100000000007,0.003042812871851528,68.52851112600774,65.56349800117547,,,,,0.00029391135293618765,0.0030000541675505588,0.002706142814614371,88.63842477198132,88.64888553225371
1765183500,3.57119744867132,3.57119744867132,3.569,3.5705,3.569,3.517,3.543,,,,,,,,,,,3.566700000000007,3.5757022219525596,3.5576977780474546,3.566700000000007,3.5712011109762836,3.5621988890237306,3.561512075836787,3.5672539177713953,3.538068749999997,3.5209679687499964,3.555284375000011,3.566700000000007,0.0030397548095764267,62.92036608458052,65.66109849114562,,,,,0.0001559385633192129,0.0029010660187633874,0.0027451274554441745,82.64382309312343,86.46041893523075
1765184400,3.5708487243356597,3.573,3.5708487243356597,3.572,3.569,3.517,3.543,,,,,,,,,,,3.567450000000007,3.575548765343173,3.5593512346568414,3.567450000000007,3.5714993826715897,3.5634006173284245,3.5619233669804427,3.5676853797921777,3.538051562499997,3.521078906249996,3.5558593750000105,3.567450000000007,0.003001200894606678,65.9235820271833,65.85965420798365,,,,,0.00013198502731290394,0.0029101087395853042,0.0027781237122724003,84.1581960901662,85.14681465175697
1765185300,3.57142436216783,3.575,3.57142436216783,3.5740000000000003,3.569,3.517,3.543,,,,,,,,,,,3.5683500000000072,3.57503655367755,3.5616634463224646,3.5683500000000072,3.571693276838779,3.5650067231612357,3.56239696043219,3.568259436174707,3.538032812499998,3.521182031249996,3.55643437500001,3.5683500000000072,0.003042232104432651,69.47374339358637,66.31179287956476,,,,,0.00021236024582209703,0.0030435740195500216,0.0028312137737279246,83.85489884167136,83.55230600832031
1765186200,3.572712181083915,3.577,3.572712181083915,3.576,3.569,3.517,3.543,,,,,,,,,,,3.5691000000000073,3.5756848310596965,3.562515168940318,3.5691000000000073,3.5723924155298517,3.565807584470163,3.5629304129642607,3.568963123795188,3.5380187499999978,3.521289843749996,3.55702187500001,3.5691000000000073,0.0031312025909792382,72.55317749125496,66.75347854549337,,,,,0.0003534292927537845,0.0032730003896701554,0.002919571096916371,89.84860349788279,85.95389947657344
1765187100,3.574356090541958,3.579,3.574356090541958,3.578,3.569,3.517,3.543,,,,,,,,,,,3.5698500000000073,3.5768863342787287,3.562813665721286,3.5698500000000073,3.573368167139368,3.5663318328606466,3.5635213771617407,3.5697846579956254,3.538009374999997,3.5214101562499955,3.5576218750000104,3.5698500000000073,0.0032392530814837487,75.24275665997214,67.49641461518142,,,,,0.0005243394461103465,0.003574995404554304,0.0030506559584439577,91.11111111111093,88.27153781688834
1765188000,3.5761780452709786,3.579,3.5761780452709786,3.5780000000000003,3.569,3.517,3.543,,,,,,,,,,,3.570600000000008,3.5777526219007525,3.563447378099264,3.570600000000008,3.57417631095038,3.5670236890496363,3.5640891662926526,3.5705315072687505,3.5379992187499973,3.5215429687499955,3.5582093750000103,3.570600000000008,0.0032094460563078797,75.24275665997273,68.0654973529439,,,,,0.0005761636309053503,0.0037708604970756454,0.003194696866170295,91.66666666666636,90.87546042522001
1765188900,3.5770890226354894,3.579,3.577,3.5780000000000003,3.569,3.517,3.543,,,,,,,,,,,3.5712500000000076,3.5786086683628997,3.5638913316371155,3.5712500000000076,3.5749293341814536,3.5675706658185615,3.5646346891831366,3.5712104611534095,3.537987890624997,3.5216757812499955,3.5588031250000114,3.5712500000000076,0.003123057052285904,75.24275665997273,68.75110392590094,,,,,0.0005493171348209401,0.00388134328469647,0.00333202614987553,91.3368962615237,91.37155801310034
1765189800,3.577544511317745,3.577544511317745,3.575,3.5765,3.569,3.517,3.543,,,,,,,,,,,3.571775000000008,3.579058371475711,3.5644916285243053,3.571775000000008,3.5754166857378595,3.5681333142621567,3.5650999954896805,3.5716913283212812,3.5379757812499966,3.5218039062499953,3.559390625000011,3.571775000000008,0.0031142672628369193,68.91671376547481,68.7014410018367,,,,,0.0003775902171603844,0.0038040139213260105,0.003426423704165626,85.78134070596798,89.59496787805267
1765190700,3.577022255658872,3.579,3.575,3.577,3.569,3.517,3.543,,,,,,,,,,,3.5723250000000077,3.579440300419949,3.5652096995800666,3.5723250000000077,3.5758826502099783,3.568767349790037,3.5655666623332225,3.5721739348375285,3.5379640624999964,3.521949218749996,3.5599718750000116,3.5723250000000077,0.003177533886919997,69.82734875971025,68.71682343450355,,,,,0.0002508319899967139,0.0037399636916615187,0.0034891317016648047,81.89245181707818,86.3368962615233
1765191600,3.577011127829436,3.581,3.577011127829436,3.5795000000000003,3.569,3.517,3.543,,,,,,,,,,,3.5729000000000077,3.580373954781407,3.5654260452186084,3.5729000000000077,3.5766369773907076,3.569163022609308,3.5661130677319197,3.5728399407613898,3.5379574218749967,3.5221140624999956,3.5605906250000117,3.5729000000000077,0.0032362814664257116,73.93856582204019,69.5070921628553,,,,,0.0002859677733666999,0.0038465914183731797,0.00356062364500648,80.8333333333327,82.83570861879294
1765192500,3.578255563914718,3.581,3.578255563914718,3.58,3.569,3.517,3.543,,,,,,,,,,,3.573525000000008,3.5811766338164235,3.5658733661835926,3.573525000000008,3.5773508169082158,3.5696991830918003,3.56665765331106,3.573490855237627,3.5379535156249964,3.5222921874999953,3.5611468750000115,3.573525000000008,0.0032011496534868726,74.68159846975041,70.28309221300265,,,,,0.00029244660427107765,0.003926181900345327,0.0036337352960742492,86.3888888888897,83.03822467976686
1765193400,3.579127781957359,3.581,3.577,3.5795000000000003,3.569,3.517,3.543,,,,,,,,,,,3.5740500000000077,3.5818275317468924,3.566272468253123,3.5740500000000077,3.57793876587345,3.5701612341265654,3.567161274749842,3.5740371411251153,3.5379523437499962,3.522479687499996,3.561659375000012,3.5740500000000077,0.003258210392523525,72.45688577905821,70.83138485530301,,,,,0.00021613997274076832,0.0039039102620002097,0.0036877702892594414,88.88888888889136,85.37037037037123
1765194300,3.5793138909786797,3.581,3.5793138909786797,3.581,3.569,3.517,3.543,,,,,,,,,,,3.5746750000000076,3.5825761075225717,3.5667738924774435,3.5746750000000076,3.5786255537612894,3.5707244462387258,3.5677039698576913,3.5746701282955593,3.5379503906249967,3.5226765624999956,3.5622187500000115,3.5746750000000076,0.003145917437437578,74.87497726946688,71.41598142628794,,,,,0.0002190878378100069,0.00396163008652195,0.003742542248711943,93.05555555555695,89.44444444444599
1765195200,3.58015694548934,3.581,3.58015694548934,3.581,3.569,3.517,3.543,,,,,,,,,,,3.5751750000000073,3.583343690230615,3.5670063097693996,3.5751750000000073,3.5792593451153114,3.5710906548847032,3.5682253828044486,3.5752455711777813,3.537944140624996,3.5228609374999964,3.562750000000012,3.5751750000000073,0.002981427228382047,74.87497726946688,71.86930043653503,,,,,0.0001753305127491266,0.003961705389648351,0.0037863748768992246,95.83333333333441,92.59259259259422
1765196100,3.58057847274467,3.583,3.579,3.5805000000000002,3.569,3.517,3.543,,,,,,,,,,,3.5756500000000075,3.583896817572734,3.567403182427281,3.5756500000000075,3.579773408786371,3.5715265912136442,3.568706740341529,3.5757232465252557,3.537938281249996,3.5230468749999964,3.563278125000012,3.5756500000000075,0.0030541824263547583,72.41716166836721,72.54764297823408,,,,,0.00007228466501659012,0.003876730708169962,0.003804446043153372,93.1420094782407,94.01029945571067
1765197000,3.580539236372335,3.581,3.579,3.58,3.569,3.517,3.543,,,,,,,,,,,3.576200000000008,3.5840574805162766,3.5683425194837395,3.576200000000008,3.580128740258142,3.572271259741874,3.569149613269312,3.576112042295687,3.537933593749996,3.5232437499999967,3.563759375000012,3.576200000000008,0.002978883681615117,69.94457616157418,72.83485684497629,,,,,-0.00006268499787663801,0.0037260897958075745,0.0037887747936842125,84.50317665970779,91.1595064904276
1765197900,3.5802696181861675,3.581,3.577,3.5795000000000003,3.569,3.517,3.543,,,,,,,,,,,3.576700000000008,3.584044385615208,3.569355614384808,3.576700000000008,3.580372192807608,3.573027807192408,3.5695555107881627,3.5764200384506246,3.537927734374996,3.5234328124999967,3.564240625000012,3.576700000000008,0.003051820561499752,67.46392273178179,72.69129822627596,,,,,-0.00021044568509988228,0.00352571768730936,0.003736163372409242,73.16290447779257,83.60269687191366
1765198800,3.579884809093084,3.579884809093084,3.577,3.5785,3.569,3.517,3.543,,,,,,,,,,,3.577125000000008,3.5838248134352573,3.570425186564759,3.577125000000008,3.5804749067176327,3.5737750932823835,3.56990627507098,3.5766091258642043,3.5379203124999963,3.5236124999999974,3.564734375000012,3.577125000000008,0.003039891170898625,62.676195944159026,71.98579954434054,,,,,-0.00038990686280647663,0.0032487797939011465,0.003638686656707623,62.667635953039756,73.44457236351336
1765199700,3.579192404546542,3.579192404546542,3.573,3.5765000000000002,3.569,3.517,3.543,,,,,,,,,,,3.577400000000008,3.5834959002673217,3.571304099732694,3.577400000000008,3.580447950133665,3.574352049866351,3.5701648525191767,3.5765992053310947,3.537910156249996,3.5237968749999964,3.5652187500000116,3.577400000000008,0.003265070697730296,54.36618979054,70.49461619652396,,,,,-0.0006427586295335258,0.0028352383697907158,0.0034779969993242415,49.639802104906636,61.82344751191297
1765200600,3.577846202273271,3.583,3.577846202273271,3.5810000000000004,3.569,3.517,3.543,,,,,,,,,,,3.5778500000000077,3.583604128958851,3.5720958710411645,3.5778500000000077,3.5807270644794293,3.574972935520586,3.570589760263523,3.5769992775737225,3.5379054687499965,3.524010937499997,3.565687500000012,3.5778500000000077,0.0034961370764638425,65.46207894788385,69.79599635994619,,,,,-0.0005120754964693854,0.0028379026287375098,0.003349978125206895,54.31340762015609,55.54028189270081
1765201500,3.5794231011366358,3.585,3.579,3.5815,3.569,3.517,3.543,,,,,,,,,,,3.578400000000008,3.5832744230505718,3.573525576949444,3.578400000000008,3.5808372115252896,3.575962788474726,3.5710176128022084,3.5774084341579298,3.5379007812499963,3.5242046874999966,3.566150000000012,3.578400000000008,0.003674984428144981,66.43854758524978,69.16712428318026,,,,,-0.00040195427593216334,0.002847535280291691,0.0032494895562238542,61.94444444444644,55.29921805650304
1765202400,3.5804615505683177,3.581,3.575,3.5780000000000003,3.569,3.517,3.543,,,,,,,,,,,3.5787000000000075,3.58260384426963,3.574796155730385,3.5787000000000075,3.5806519221348188,3.5767480778651963,3.571291431908004,3.577462212870845,3.5378902343749963,3.524361718749997,3.5665437500000117,3.5787000000000075,0.00387677125470605,54.76621714140837,68.15637452431838,,,,,-0.0005648481203326958,0.0025434294058079843,0.00310827752614068,64.16666666666892,60.14150624375713
1765203300,3.579230775284159,3.579230775284159,3.575,3.5775000000000006,3.569,3.517,3.543,,,,,,,,,,,3.578875000000008,3.5821897398181215,3.5755602601818945,3.578875000000008,3.580532369909065,3.577217630090951,3.5715349051665135,3.5774656480644045,3.537877734374996,3.5245117187499972,3.5669625000000122,3.578875000000008,0.00390205725680982,53.32491749620486,66.97762943406799,,,,,-0.000697582959186472,0.00223629882715759,0.002933881786344062,50.00000000000306,58.70370370370612
1765204200,3.57836538764208,3.585,3.577,3.5810000000000004,3.569,3.517,3.543,,,,,,,,,,,3.5791250000000074,3.582285300632167,3.575964699367848,3.5791250000000074,3.580705150316087,3.5775448496839277,3.571906085356062,3.5777869527858224,3.537868359374996,3.524682031249997,3.567400000000012,3.5791250000000074,0.004194767452751976,61.05190900630825,66.05715394722999,,,,,-0.0005475959501126588,0.0022493868487032387,0.0027969827988158975,48.61111111111495,54.259259259262286
1765205100,3.57968269382104,3.602,3.57968269382104,3.5934999999999997,3.569,3.517,3.543,,,,,,,,,,,3.579900000000008,3.5868756720155504,3.5729243279844654,3.579900000000008,3.583387836007779,3.5764121639922366,3.5727529055381773,3.579215411623475,3.537867968749996,3.5248976562499967,3.567918750000012,3.579900000000008,0.005489234504623954,76.20364579976136,66.16587161365935,,,,,0.0003473401254487094,0.0032311579556267844,0.002883817830178075,58.2854406130295,52.29885057471582
1765206000,3.58659134691052,3.606,3.58659134691052,3.605,3.569,3.517,3.543,,,,,,,,,,,3.581250000000008,3.594159298976641,3.5683407010233745,3.581250000000008,3.5877046494883245,3.574795350511691,3.5740174974778567,3.58155946511225,3.5378734374999965,3.5251523437499968,3.568537500000012,3.581250000000008,0.006483478689256507,82.82388510852483,66.9063715657641,,,,,0.0015976724937071703,0.004880908447312038,0.0032832359536048676,78.10867293626023,61.66840822013489
1765206900,3.5957956734552603,3.608,3.5957956734552603,3.6045,3.569,3.517,3.543,,,,,,,,,,,3.582575000000008,3.598873082711272,3.566276917288744,3.582575000000008,3.59072404135564,3.5744259586443756,3.575212889733627,3.583644968283864,3.537878515624996,3.525410156249997,3.5690875000000117,3.582575000000008,0.006892110678933884,81.75887188107063,67.3980783237358,,,,,0.0022357624996366537,0.006077939078150685,0.003842176578514031,85.88645071403653,74.09352142110875
1765207800,3.60014783672763,3.61,3.60014783672763,3.6079999999999997,3.569,3.517,3.543,,,,,,,,,,,3.584150000000008,3.6035821897906075,3.564717810209409,3.584150000000008,3.593866094895308,3.5744339051047085,3.5764986587636804,3.58585906207624,3.5378914062499964,3.5256773437499973,3.569712500000013,3.584150000000008,0.007103543007036451,83.37082643258339,68.00492469252985,,,,,0.002706836021744252,0.007225721605694346,0.004518885583950094,93.85476385476348,85.94996250168674
1765208700,3.604073918363815,3.61,3.604,3.6069999999999998,3.569,3.517,3.543,,,,,,,,,,,3.5856500000000073,3.607163019315598,3.5641369806844168,3.5856500000000073,3.5964065096578026,3.574893490342212,3.5776947897925555,3.587780965523854,3.537903124999997,3.525950781249997,3.570350000000013,3.5856500000000073,0.007024718506533832,81.16393567326051,68.62969426430793,,,,,0.0027551834809892116,0.007962864935186609,0.005207681454197397,92.16216216216158,90.63445891032052
1765209600,3.605536959181907,3.606,3.604,3.6045,3.569,3.517,3.543,,,,,,,,,,,3.586900000000008,3.609704824052619,3.564095175947397,3.586900000000008,3.5983024120263134,3.5754975879737025,3.578745974506573,3.589300877748958,3.537912890624997,3.5262226562499968,3.570943750000013,3.586900000000008,0.006737238613209963,75.76439773484714,69.045395805256,,,,,0.0024340338636964914,0.008250223783818011,0.00581618992012152,90.54054054054014,92.18582218582173
1765210500,3.6050184795909535,3.606,3.604,3.6045,3.569,3.517,3.543,,,,,,,,,,,3.588125000000008,3.611925997879638,3.5643240021203777,3.588125000000008,3.600025498939823,3.5762245010601927,3.5797559362906286,3.5906826161354166,3.5379187499999967,3.526505468749997,3.5715000000000123,3.588125000000008,0.006398864426552094,75.76439773484714,69.63828687690354,,,,,0.002052122334805284,0.008381342838628125,0.006329220503822841,87.38738738738714,90.03003003002961
1765211400,3.6047592397954764,3.606,3.602,3.6045,3.569,3.517,3.543,,,,,,,,,,,3.5893750000000084,3.613849221132767,3.56490077886725,3.5893750000000084,3.6016121105663874,3.5771378894336294,3.580726291730212,3.591938741941288,3.5379261718749966,3.526782031249997,3.5720093750000124,3.5893750000000084,0.006227516967512658,75.76439773484714,70.57315843338127,,,,,0.00164746964839888,0.008388557564321442,0.0067410879159225615,85.13513513513493,87.6876876876874
1765212300,3.604629619897738,3.604629619897738,3.602,3.6035000000000004,3.569,3.517,3.543,,,,,,,,,,,3.590500000000008,3.615395782776747,3.565604217223269,3.590500000000008,3.6029478913883772,3.578052108611639,3.581619378329027,3.5929897654011707,3.5379328124999967,3.527061718749997,3.572468750000012,3.590500000000008,0.005970524319671628,73.32729843348488,71.92752333644874,,,,,0.0011822032271143357,0.00821884194981548,0.007036638722701145,83.89961389961418,85.47404547404541
1765213200,3.604064809948869,3.604064809948869,3.6,3.601,3.569,3.517,3.543,,,,,,,,,,,3.5915000000000084,3.6163957827764617,3.566604217223555,3.5915000000000084,3.603947891388235,3.5790521086117817,3.582379402708281,3.593717968546519,3.537939843749996,3.527330468749997,3.572921875000012,3.5915000000000084,0.005834401864614293,67.4830651609355,72.07187949452387,,,,,0.0006049143496949082,0.007792781659819781,0.0071878673101248725,80.28314028314065,83.10596310596326
1765214100,3.6025324049744345,3.6025324049744345,3.594,3.5965,3.569,3.517,3.543,,,,,,,,,,,3.592300000000008,3.616754856370022,3.567845143629994,3.592300000000008,3.604527428185015,3.5800725718150006,3.5829331516216816,3.593970880496835,3.5379414062499963,3.5275882812499972,3.573340625000013,3.592300000000008,0.006027116372458603,58.45237021008511,71.50143825344068,,,,,-0.00014133964591475211,0.007011192752731432,0.007152532398646184,72.38095238095264,78.85456885456915
1765215000,3.599516202487217,3.599516202487217,3.592,3.5935,3.569,3.517,3.543,,,,,,,,,,,3.5929750000000085,3.6167709555399843,3.5691790444600326,3.5929750000000085,3.6048729777699964,3.5810770222300206,3.583347537832596,3.593928073178941,3.5379414062499963,3.527838281249997,3.573734375000013,3.5929750000000085,0.006133479666369922,53.328704036557276,71.39875874595131,,,,,-0.0008583291992622496,0.006079620899568372,0.006937950098830622,62.85714285714281,71.84041184041203
1765215900,3.5965081012436086,3.5965081012436086,3.592,3.5945,3.569,3.517,3.543,,,,,,,,,,,3.5937250000000085,3.6167064599200356,3.5707435400799814,3.5937250000000085,3.605215729960022,3.582234270039995,3.583784889290141,3.59398006652631,3.5379417968749953,3.5280976562499973,3.5741062500000127,3.5937250000000085,0.0060173812076012535,54.75246491030911,71.50072641838733,,,,,-0.001262163628852996,0.005360245562764376,0.006622409191617372,55.77200577200582,63.67003367003375
1765216800,3.5955040506218046,3.5955040506218046,3.587,3.589,3.569,3.517,3.543,,,,,,,,,,,3.5942500000000086,3.6162761208580414,3.572223879141976,3.5942500000000086,3.6052630604290252,3.583236939570992,3.5839894034356257,3.5935273332057363,3.5379378906249954,3.528338281249998,3.574431250000012,3.5942500000000086,0.006195000451472905,46.37327008634545,70.45225220981857,,,,,-0.001860486914187288,0.004296800548883262,0.00615728746307055,45.54002600499567,54.723058211381435
1765217700,3.592252025310902,3.592252025310902,3.587,3.5885,3.569,3.517,3.543,,,,,,,,,,,3.594850000000009,3.6155214779356046,3.5741785220644133,3.594850000000009,3.6051857389678066,3.5845142610322114,3.584166289575405,3.5930703029143056,3.537933593749995,3.5285773437499977,3.574718750000012,3.594850000000009,0.006127645084289258,45.68872873915588,68.27261527691817,,,,,-0.002226018206022494,0.0033747647055424324,0.005600782911564926,30.638852387759425,43.98362805492031
1765218600,3.590376012655451,3.590376012655451,3.585,3.585,3.569,3.517,3.543,,,,,,,,,,,3.5950500000000085,3.615253712531408,3.574846287468609,3.5950500000000085,3.6051518562657083,3.5849481437343087,3.5841989841018598,3.592336639013005,3.5379273437499954,3.528799218749998,3.5749625000000123,3.5950500000000085,0.006073957053657951,41.11362963588437,65.2933113145867,,,,,-0.002612857677617847,0.0023347108145426176,0.004947568492160465,12.962084710991627,29.71365436791558
1765219500,3.5876880063277254,3.5876880063277254,3.583,3.5835000000000004,3.569,3.517,3.543,,,,,,,,,,,3.5951500000000083,3.615102694055272,3.5751973059447444,3.5951500000000083,3.6051263470276402,3.5851736529723763,3.5841715729606105,3.591533308193641,3.5379207031249953,3.5290210937499973,3.575218750000012,3.5951500000000083,0.005974960573234188,39.29743042159034,62.260351210338115,,,,,-0.002859183380346386,0.0013735892667274818,0.004232772647073868,3.335157952428981,15.645365017060016
1765220400,3.585594003163863,3.585594003163863,3.585,3.585,3.569,3.517,3.543,,,,,,,,,,,3.5955000000000084,3.6144578479806606,3.576542152019356,3.5955000000000084,3.6049789239903345,3.5860210760096822,3.5842040602954883,3.590939371085128,3.5379164062499955,3.5292492187499973,3.5754750000000124,3.5955000000000084,0.0056977493297076425,42.05410209990235,59.30915661514661,,,,,-0.0028065553258521266,0.0007245784897587093,0.003531133815610836,3.0864197530863904,6.461220805502336
1765221300,3.5852970015819317,3.5852970015819317,3.581,3.5829999999999997,3.569,3.517,3.543,,,,,,,,,,,3.595775000000008,3.613817934907293,3.5777320650927233,3.595775000000008,3.604796467453651,3.5867535325463655,3.584156842244685,3.590217610077389,3.5379109374999955,3.529471093749997,3.5757500000000113,3.595775000000008,0.005597695919152218,39.47970638956129,56.33171166631096,,,,,-0.0027862728136743295,0.000048292798517923785,0.0028345656121922533,5.753086419752773,4.058221375089385
1765222200,3.584148500790966,3.584148500790966,3.581,3.5825,3.569,3.517,3.543,,,,,,,,,,,3.5958500000000084,3.613657582656321,3.578042417343696,3.5958500000000084,3.604753791328165,3.586946208671852,3.584091868039011,3.5895160091612626,3.5379039062499955,3.529703906249997,3.576006250000012,3.5958500000000084,0.005422753409996056,38.839579385588394,53.6942246413639,,,,,-0.0026852501285127514,-0.0005219970484486858,0.0021632530800640656,7.135802469135359,5.325102880658178
1765223100,3.583324250395483,3.583324250395483,3.579,3.5815,3.569,3.517,3.543,,,,,,,,,,,3.595250000000008,3.6141113361156747,3.5763886638843414,3.595250000000008,3.6046806680578416,3.5858193319421745,3.583990226155128,3.5887872810556933,3.537898437499995,3.529938281249997,3.5762312500000113,3.595250000000008,0.0053442889089594095,37.52896916965702,50.96312260099318,,,,,-0.0025647054469058977,-0.0010426287285683067,0.001522076718337591,7.753086419752854,6.880658436213665
1765224000,3.5824121251977417,3.583,3.579,3.5810000000000004,3.569,3.517,3.543,,,,,,,,,,,3.5940500000000077,3.613326669838921,3.5747733301610944,3.5940500000000077,3.6036883349194646,3.584411665080551,3.583872962384339,3.5880793464142666,3.5378917968749954,3.530182031249997,3.5764468750000113,3.5940500000000077,0.005248268272605166,36.85923866716507,48.18418266758732,,,,,-0.002400489593122842,-0.0014785352730659618,0.0009219543200568804,7.687576810142871,7.5254885663436974
1765224900,3.581706062598871,3.583,3.581,3.5814999999999997,3.569,3.517,3.543,,,,,,,,,,,3.592900000000008,3.612289687982631,3.5735103120173854,3.592900000000008,3.6025948439913194,3.583205156008697,3.5837799050359336,3.5874812240129694,3.537886718749995,3.5304210937499967,3.5766781250000115,3.592900000000008,0.005016249110276242,38.04982438567747,45.66436309274394,,,,,-0.0021482210959104693,-0.0017633220498312063,0.0003848990460792631,9.012291160792694,8.150984796896143
1765225800,3.5816030312994354,3.5816030312994354,3.579,3.579,3.569,3.517,3.543,,,,,,,,,,,3.5914500000000076,3.6104392074633256,3.5724607925366896,3.5914500000000076,3.6009446037316666,3.5819553962683486,3.5835924577796225,3.586710203648154,3.537880468749995,3.530660156249997,3.576868750000011,3.5914500000000076,0.00484387640950188,34.54262189362021,43.3114742879357,,,,,-0.002040544000172387,-0.0021657809541362205,-0.00012523695396383363,5.925871407706304,7.541913126213959
1765226700,3.580301515649718,3.581,3.580301515649718,3.581,3.569,3.517,3.543,,,,,,,,,,,3.5901500000000075,3.608241710811543,3.572058289188472,3.5901500000000075,3.5991958554057755,3.5811041445942395,3.583490792768657,3.5861910942255943,3.5378789062499947,3.5309132812499975,3.577100000000011,3.5901500000000075,0.00464074238025173,39.35826684586654,41.947609761920084,,,,,-0.0017373083052485794,-0.002296872335524558,-0.0005595640302759786,6.574178607409767,7.170780391969591
1765227600,3.580650757824859,3.581,3.580650757824859,3.581,3.569,3.517,3.543,,,,,,,,,,,3.5889750000000076,3.6062187669925834,3.571731233007432,3.5889750000000076,3.5975968834962955,3.5803531165037197,3.583393114620866,3.585719176568722,3.537876171874995,3.531169531249997,3.577325000000011,3.5889750000000076,0.004334206651315233,39.35826684586653,40.949721391156466,,,,,-0.001451072035742337,-0.0023734040749539,-0.0009223320392115629,7.057225346272453,6.519091787129511
1765228500,3.5808253789124294,3.5808253789124294,3.577,3.5785,3.569,3.517,3.543,,,,,,,,,,,3.587675000000007,3.603933151804713,3.5714168481953013,3.587675000000007,3.5958040759023597,3.5795459240976544,3.583201227772989,3.5850628877897472,3.537873437499995,3.5314179687499974,3.577506250000011,3.587675000000007,0.004310334747649859,35.56512113511286,39.579196835785304,,,,,-0.001346732527837868,-0.002605747699008898,-0.0012590151711710299,9.759336414920496,7.796913456200909
1765229400,3.5796626894562147,3.581,3.5796626894562147,3.581,3.569,3.517,3.543,,,,,,,,,,,3.586500000000007,3.601029280784025,3.5719707192159893,3.586500000000007,3.593764640392016,3.579235359607998,3.583114905115225,3.5846935343543156,3.5378710937499944,3.531667968749997,3.577784375000012,3.586500000000007,0.004181025122817723,41.623877490217325,39.23995450749044,,,,,-0.0010397142406614443,-0.0025586579719978353,-0.001518943731336391,15.251880554778447,10.68948077199047
1765230300,3.5803313447281075,3.581,3.577,3.579,3.569,3.517,3.543,,,,,,,,,,,3.5852750000000073,3.597866564640645,3.5726834353593695,3.5852750000000073,3.5915707823203262,3.5789792176796884,3.582953536287177,3.584175940322105,3.5378679687499948,3.531914843749997,3.578071875000012,3.5852750000000073,0.004168094756902171,38.50462825642465,38.726804473009636,,,,,-0.0009065649952274197,-0.0026521499753706657,-0.001745584980143246,16.428165786387293,13.813127585362082
1765231200,3.5796656723640536,3.581,3.577,3.5795000000000003,3.569,3.517,3.543,,,,,,,,,,,3.584200000000007,3.5947422957699433,3.573657704230071,3.584200000000007,3.5894711478849755,3.578928852115039,3.5828181034916016,3.5837508548382773,3.5378644531249948,3.5321648437499973,3.5783718750000117,3.584200000000007,0.0041560879885520164,39.72081319108731,38.62731758409557,,,,,-0.0007277629956713382,-0.0026552887247324186,-0.0019275257290610804,21.522956289286174,17.73433421015064
1765232100,3.579582836182027,3.579582836182027,3.579,3.579,3.569,3.517,3.543,,,,,,,,,,,3.583325000000008,3.592447910723976,3.5742020892760396,3.583325000000008,3.5878864553619922,3.5787635446380235,3.5826683739429113,3.5833189589438885,3.5378589843749944,3.532421093749998,3.578646875000012,3.583325000000008,0.0039008557166573593,38.89247543423669,38.598392227856024,,,,,-0.0005918787752849887,-0.002667374198167316,-0.0020754954228823274,20.538295126027766,19.496472400567082
1765238400,3.579291418091014,3.579291418091014,3.577,3.577,3.61,3.554,3.582,,,,,,,,,,,3.5825000000000076,3.5907340755455004,3.5742659244545147,3.5825000000000076,3.5866170377727538,3.5783829622272614,3.5824460847686797,3.5827445081308076,3.5378523437499942,3.532661718749997,3.578884375000011,3.5825000000000076,0.0037858958862542515,35.68665059238093,38.14357426303307,,,,,-0.0005843953470701956,-0.002805989606720072,-0.002221594259649876,15.554248804906331,19.205166740073427
1765239300,3.578145709045507,3.579,3.578145709045507,3.579,3.61,3.554,3.582,,,,,,,,,,,3.581725000000007,3.587973799892998,3.5754762001070164,3.581725000000007,3.5848493999465023,3.578600600053512,3.5823109441895156,3.582404098300734,3.5378457031249946,3.532902343749998,3.579128125000012,3.581725000000007,0.0036583318943789636,40.93018916697483,38.24718017570546,,,,,-0.00040118073104629306,-0.0027230701734577423,-0.002321889442411449,17.08331202179802,17.725285317577377
1765241100,3.5785728545227533,3.579,3.577,3.5780000000000003,3.61,3.554,3.582,,,,,,,,,,,3.5811750000000075,3.5866547354031253,3.57569526459689,3.5811750000000075,3.583914867701566,3.578435132298449,3.5821418875546325,3.5820037257279402,3.5378355468749936,3.533142968749998,3.5793531250000115,3.5811750000000075,0.003539879616209054,39.20886639906444,38.27355781952518,,,,,-0.0003079642433196578,-0.0027068447465610213,-0.0023988805032413634,14.596681671683948,15.74474749946277
1765242000,3.578286427261377,3.579,3.575,3.577,3.61,3.554,3.582,,,,,,,,,,,3.5806000000000076,3.585232493937123,3.575967506062892,3.5806000000000076,3.582916246968565,3.57828375303145,3.5819402449054314,3.581548841570855,3.537824218749994,3.533377343749998,3.5795906250000114,3.5806000000000076,0.0035727453579084073,37.51003337296092,38.27220526261832,,,,,-0.0002753414883695355,-0.002743057363703283,-0.0024677158753337474,22.930015005016358,18.203336232832772
1765242900,3.5776432136306884,3.5776432136306884,3.575,3.5759999999999996,3.61,3.554,3.582,,,,,,,,,,,3.5801500000000077,3.5847336666635874,3.575566333336428,3.5801500000000077,3.5824418333317976,3.577858166668218,3.581707294124826,3.58104440142805,3.5378132812499943,3.533608593749998,3.5797875000000112,3.5801500000000077,0.0035063502345355356,35.83781637995756,38.19924652781778,,,,,-0.00028178029100173023,-0.00281994123908591,-0.00253816094808418,17.7707168832421,18.432471186647465
1765243800,3.576821606815344,3.577,3.573,3.575,3.61,3.554,3.582,,,,,,,,,,,3.579725000000008,3.584556925090755,3.5748930749092604,3.579725000000008,3.5821409625453815,3.577309037454634,3.581444262982676,3.5804949103891364,3.5377999999999945,3.533846093749998,3.5799937500000114,3.579725000000008,0.003541610932068712,34.19607001694099,37.923978358622314,,,,,-0.00031172235422363,-0.0029278138908637175,-0.0026160915366400875,20.24920656990071,20.31664615271972
1765244700,3.5759108034076723,3.577,3.575,3.576,3.61,3.554,3.582,,,,,,,,,,,3.579275000000007,3.5837188159387434,3.5748311840612708,3.579275000000007,3.5814969079693753,3.577053092030639,3.5812307624735515,3.5800862821719424,3.5377859374999945,3.5340835937499975,3.580231250000012,3.579275000000007,0.0034314958654923593,37.289833847087245,38.12020778386996,,,,,-0.00022648038748240276,-0.002899192020993091,-0.0026727116335106883,24.415873236568768,20.811932229903856
1765245600,3.575955401703836,3.581,3.575955401703836,3.58,3.61,3.554,3.582,,,,,,,,,,,3.579125000000007,3.583246589511771,3.575003410488243,3.579125000000007,3.581185794755889,3.577064205244125,3.5811824972785105,3.580078438338129,3.537777343749994,3.534336718749997,3.580531250000012,3.579125000000007,0.00354671746768319,47.851285353746725,38.72685196300426,,,,,0.00011845735907015011,-0.002524639934673001,-0.002643097293743151,49.41587323657154,31.360317681013672
1765246500,3.577977700851918,3.581,3.577977700851918,3.581,3.61,3.554,3.582,,,,,,,,,,,3.579050000000007,3.582973009062064,3.5751269909379504,3.579050000000007,3.5810115045310353,3.577088495468979,3.5811753405224906,3.5801622166710265,3.5377730468749937,3.534599218749998,3.580781250000012,3.579050000000007,0.0035092590162831006,50.11329857319533,39.495068514956316,,,,,0.0004163622028726657,-0.0021226445401523186,-0.0025390067430249843,75.00000000000092,49.61058215771374
1765247400,3.579488850425959,3.581,3.579,3.5795000000000003,3.61,3.554,3.582,,,,,,,,,,,3.578950000000007,3.5827169616547456,3.5751830383452683,3.578950000000007,3.5808334808273763,3.5770665191726376,3.581109640894158,3.5801020151554788,3.5377695312499937,3.5348539062499973,3.580987500000012,3.578950000000007,0.003401454800834292,46.83182751543023,40.29983325640756,,,,,0.0005086779370075505,-0.0019031593217655463,-0.0024118372587730967,89.58333333333542,71.33306885663596
1765248300,3.57949442521298,3.581,3.579,3.5795000000000003,3.61,3.554,3.582,,,,,,,,,,,3.578875000000007,3.5825338932885495,3.5752161067114647,3.578875000000007,3.5807044466442783,3.577045553355736,3.581046517721838,3.5800472865049806,3.5377644531249937,3.5351117187499974,3.581193750000012,3.578875000000007,0.0033013508864889697,46.83182751543022,40.67182968677991,,,,,0.0005618621726112133,-0.00170950954300908,-0.0022713717156202934,87.50000000000324,84.02777777777986
1765249200,3.57949721260649,3.581,3.579,3.58,3.61,3.554,3.582,,,,,,,,,,,3.5788000000000073,3.5822985711506545,3.57530142884936,3.5788000000000073,3.580549285575331,3.5770507144246837,3.5810054778111775,3.5800429877318005,3.537758593749994,3.535372656249997,3.5813812500000117,3.5788000000000073,0.003208397251739742,48.14450632178524,41.36039240573424,,,,,0.0006183597718893872,-0.0014984220007585591,-0.0021167817726479464,83.33333333333704,86.80555555555856
1765250100,3.5797486063032453,3.581,3.579,3.5805,3.61,3.554,3.582,,,,,,,,,,,3.578875000000007,3.5824509614227624,3.575299038577252,3.578875000000007,3.580662980711385,3.5770870192886295,3.5809856551519155,3.580084534301637,3.537755078124994,3.5356414062499972,3.581562500000012,3.578875000000007,0.0031220831623297446,49.48754915838386,42.05801640339827,,,,,0.0006725630588149921,-0.0012760779491292062,-0.0019486410079441983,87.5000000000014,86.11111111111389
1765251000,3.5801243031516226,3.581,3.579,3.58,3.61,3.554,3.582,,,,,,,,,,,3.5788250000000077,3.582307456042093,3.5753425439579223,3.5788250000000077,3.5805662280210506,3.5770837719789648,3.580947002008703,3.5800768493651245,3.5377511718749934,3.535905468749997,3.581737500000012,3.5788250000000077,0.0030419343650204614,48.14469690614152,42.71888936567719,,,,,0.0006571363182648255,-0.0011272206101131665,-0.001784356928377992,89.58333333333356,86.80555555555732
1765251900,3.5800621515758113,3.581,3.5800621515758113,3.581,3.61,3.554,3.582,,,,,,,,,,,3.578825000000007,3.582307456046173,3.5753425439538407,3.578825000000007,3.58056622802309,3.5770837719769237,3.580949080361303,3.580160772150113,3.5377464843749933,3.5361789062499973,3.5819000000000116,3.578825000000007,0.0028960819103761347,51.00802996926,43.81327360688284,,,,,0.0006931042698136536,-0.000917976591110925,-0.0016110808609245786,93.74999999999977,90.27777777777824
1765252800,3.5805310757879054,3.584,3.5805310757879054,3.5825,3.61,3.554,3.582,,,,,,,,,,,3.5790250000000072,3.5828522052580913,3.575197794741923,3.5790250000000072,3.580938602629049,3.5771113973709654,3.581009900739291,3.5803734292273752,3.537742187499993,3.5364570312499977,3.5820875000000116,3.5790250000000072,0.0029369992176417436,55.02013913461575,44.81969860457148,,,,,0.0007897290263126546,-0.0006239195780337603,-0.001413648604346415,91.28787878787914,91.54040404040416
1765253700,3.581515537893953,3.584,3.581515537893953,3.584,3.61,3.554,3.582,,,,,,,,,,,3.5791750000000073,3.5835025281733563,3.5748474718266583,3.5791750000000073,3.581338764086682,3.5770112359133326,3.5811271595338288,3.580703117479432,3.537739453124993,3.5367382812499977,3.582275000000012,3.5791750000000073,0.002904675138242129,58.66553612164047,46.20946072761262,,,,,0.0009175071114397569,-0.00026676471504671895,-0.0011842718264864758,95.45454545454533,93.49747474747475
1765254600,3.5827577689469763,3.586,3.5827577689469763,3.5855,3.61,3.554,3.582,,,,,,,,,,,3.5795000000000075,3.584628352571173,3.574371647428842,3.5795000000000075,3.5820641762855905,3.5769358237144244,3.5812986434736787,3.5811391977085747,3.537737499999993,3.5370242187499974,3.582487500000012,3.5795000000000075,0.002928786275012232,61.983583499729995,47.95757145095327,,,,,0.0010560219767451907,0.00013575564444501254,-0.0009202663323001781,94.17249417249475,93.6383061383064
1765255500,3.584128884473488,3.586,3.584,3.585,3.61,3.554,3.582,,,,,,,,,,,3.5797750000000073,3.585436051147895,3.5741139488521196,3.5797750000000073,3.582605525573951,3.5769444744260634,3.581443794710005,3.581490179735068,3.537735156249993,3.5372960937499975,3.582662500000012,3.5797750000000073,0.0028624443982256283,60.24749174909794,49.70111969160616,,,,,0.0010639630544046056,0.0004096874857055788,-0.0006542755686990267,96.15384615384711,95.26029526029573
1765256400,3.584564442236744,3.588,3.584564442236744,3.5875000000000004,3.61,3.554,3.582,,,,,,,,,,,3.580200000000007,3.586768104757239,3.5736318952427752,3.580200000000007,3.583484052378623,3.576915947621391,3.5816812929566715,3.58203652703188,3.537735156249993,3.537574218749998,3.5828687500000114,3.580200000000007,0.0029033810671563764,65.45714595755021,51.93405368736396,,,,,0.0011786747316233736,0.0008190678458301903,-0.00035960688579318327,94.87179487179652,95.06604506604613
1765257300,3.586032221118372,3.588,3.586,3.587,3.61,3.554,3.582,,,,,,,,,,,3.5807000000000073,3.587724243738394,3.5736757562616206,3.5807000000000073,3.584212121869201,3.5771878781308137,3.5818898697034687,3.5824877518471636,3.5377332031249926,3.537846093749998,3.5830937500000117,3.5807000000000073,0.002838853848073794,63.66023209874114,53.817653562482086,,,,,0.0011601553468963822,0.0010905872978272946,-0.00006956804906908766,93.38635382959536,94.80399828507967
1765258200,3.5865161105591863,3.588,3.5865161105591863,3.588,3.61,3.554,3.582,,,,,,,,,,,3.581150000000007,3.588805716824903,3.5734942831751115,3.581150000000007,3.5849778584124548,3.5773221415875596,3.5821294826562737,3.5829888653156035,3.537731640624993,3.538117968749998,3.583325000000012,3.581150000000007,0.002742070676126651,65.68893773506215,55.09177158971891,,,,,0.0011521823974214192,0.0013706599477076864,0.00021847755028626714,95.95045639369766,94.73620169836319
1765259100,3.587258055279593,3.588,3.587258055279593,3.588,3.61,3.554,3.582,,,,,,,,,,,3.581650000000007,3.589712877904305,3.573587122095709,3.581650000000007,3.585681438952156,3.5776185610478577,3.5823596990226942,3.583444423014185,3.5377367187499926,3.538389843749998,3.5835500000000122,3.581650000000007,0.0025992045364323824,65.68893773506215,56.20431724413796,,,,,0.0010847939838658414,0.0015744700301185688,0.0004896760462527274,97.23250767574825,95.5231059663471
1765260900,3.587629027639797,3.588,3.587629027639797,3.588,3.61,3.554,3.582,,,,,,,,,,,3.5822000000000074,3.5904182723299245,3.5739817276700903,3.5822000000000074,3.586309136164966,3.578090863835049,3.5825808872963143,3.583858566376532,3.537757226562493,3.5386632812499976,3.583762500000012,3.5822000000000074,0.0024400450952731566,65.68893773506215,57.55125368839739,,,,,0.0009812252555654692,0.001716207615709564,0.0007349823601440948,100,97.72765468981532
1765262700,3.5878145138198985,3.588,3.586,3.5869999999999997,3.61,3.554,3.582,,,,,,,,,,,3.582750000000007,3.590702986865896,3.574797013134118,3.582750000000007,3.5867264934329515,3.5787735065670625,3.5827541858337137,3.584144151251393,3.5377845703124926,3.5389335937499977,3.583950000000012,3.582750000000007,0.0024086133027536615,61.40729060075548,58.59235819449206,,,,,0.0007943545761327128,0.0017279255803099858,0.000933571004177273,96.296296296295,97.84293465734777
1765263600,3.587407256909949,3.588,3.587407256909949,3.588,3.61,3.554,3.582,,,,,,,,,,,3.5834000000000072,3.590820242589463,3.5759797574105514,3.5834000000000072,3.587110121294735,3.5796898787052793,3.582959904036313,3.5844946829558118,3.5378103515624924,3.539208593749998,3.584168750000012,3.5834000000000072,0.0023079980668427097,63.938603641397286,59.72050800303577,,,,,0.0006908927502368083,0.0017971869419732833,0.001106294191736475,96.296296296295,97.53086419753002
1765264500,3.5877036284549746,3.588,3.586,3.5875000000000004,3.61,3.554,3.582,,,,,,,,,,,3.5839750000000072,3.5907681951314045,3.57718180486861,3.5839750000000072,3.587371597565706,3.5805784024343086,3.583137947015281,3.5847678935961924,3.5378337890624927,3.5394929687499976,3.5843625000000126,3.5839750000000072,0.0022859982049253896,61.75745789815904,60.596930055876854,,,,,0.0005478324376585182,0.001791084738809623,0.0012432523011511047,94.44444444444416,95.67901234567807
1765265400,3.5876018142274875,3.588,3.584,3.586,3.61,3.554,3.582,,,,,,,,,,,3.5842750000000074,3.59086647176912,3.577683528230895,3.5842750000000074,3.5875707358845634,3.5809792641154514,3.583250184387231,3.584879903269266,3.537858984374993,3.539771093749997,3.584512500000012,3.5842750000000074,0.002408426904573576,55.62674314439943,61.13136193003813,,,,,0.00032238573400078475,0.0016462344686520858,0.001323848734651301,89.74956668071736,93.49676914048553
1765266300,3.5868009071137434,3.59,3.584,3.5875,3.61,3.554,3.582,,,,,,,,,,,3.5846000000000076,3.5911543878488357,3.5780456121511794,3.5846000000000076,3.5878771939244216,3.5813228060755935,3.583416843823026,3.585118093881151,3.5378880859374933,3.5400570312499973,3.5846562500000116,3.5846000000000076,0.0026649678399611625,59.91239147490462,61.76738775186989,,,,,0.0002478373343964609,0.0016336454026468772,0.0013858080682504163,80.94884851392798,88.38095321302985
1765267200,3.5871504535568715,3.59,3.5871504535568715,3.5885,3.61,3.554,3.582,,,,,,,,,,,3.5850500000000074,3.591373764708069,3.578726235291946,3.5850500000000074,3.588211882354038,3.5818881176459767,3.5836161832809466,3.5854255398919554,3.5379142578124934,3.540355468749997,3.5847875000000125,3.5850500000000074,0.0026781520259016797,62.51184869063711,62.30250986301427,,,,,0.00023930331535282757,0.0016849372124414508,0.0014456338970886232,76.90757486470945,82.53533001978496
1765268100,3.5878252267784356,3.594,3.5878252267784356,3.593,3.61,3.554,3.582,,,,,,,,,,,3.585725000000007,3.592406878485128,3.579043121514886,3.585725000000007,3.5890659392425674,3.582384060757447,3.5839841760934585,3.586114127174505,3.537938085937493,3.540675781249997,3.584975000000012,3.585725000000007,0.002927910682734719,71.47554411222848,63.21751043377051,,,,,0.0004954096012137509,0.002064895898605812,0.001569486297392061,82.34114581277773,80.06585639713842
1765269000,3.590412613389218,3.598,3.590412613389218,3.5949999999999998,3.61,3.554,3.582,,,,,,,,,,,3.586475000000007,3.593758371478149,3.5791916285218655,3.586475000000007,3.590116685739078,3.5828333142609363,3.5844161691878327,3.5869219337950047,3.5379595703124926,3.5410054687499963,3.585187500000012,3.586475000000007,0.003260730391880958,74.40477850394335,64.10473864835718,,,,,0.0007432884903177976,0.002498596910289308,0.0017553084199715104,83.9990068367096,81.08257583806562
1765269900,3.592706306694609,3.596,3.592706306694609,3.5949999999999998,3.61,3.554,3.582,,,,,,,,,,,3.5872000000000073,3.5948380625863927,3.579561937413622,3.5872000000000073,3.5910190312932,3.5833809687068143,3.584831221376545,3.587656303450004,3.537981054687493,3.5413335937499975,3.5854187500000116,3.5872000000000073,0.0032630848857031105,74.40477850394335,65.11597341656042,,,,,0.0008436869531013988,0.002809917111348259,0.0019662301582468603,82.74927519492145,83.02980928146962
1765270800,3.5938531533473044,3.5938531533473044,3.592,3.592,3.61,3.554,3.582,,,,,,,,,,,3.587800000000007,3.594951223677237,3.5806487763227772,3.587800000000007,3.591375611838622,3.584224388161392,3.585112349950014,3.588051184954549,3.537991601562493,3.5416578124999973,3.585606250000012,3.587800000000007,0.003244293108152865,63.12724298053838,64.94955177534528,,,,,0.0006530085638393516,0.00278249086304605,0.0021294822992066983,71.42857142857095,79.39228448673403
1765271700,3.5929265766736522,3.5929265766736522,3.577,3.5835,3.61,3.554,3.582,,,,,,,,,,,3.587925000000007,3.5946724069155986,3.581177593084415,3.587925000000007,3.5912987034578028,3.584551296542211,3.5850491205402095,3.587637440867772,3.537991992187492,3.5419859374999967,3.5856562500000124,3.587925000000007,0.004150170505688537,43.16442993381736,63.48556590642217,,,,,-0.00006260097054730691,0.0020512310860225647,0.0021138320565698716,55.55555555555542,69.91113405968264
1765272600,3.588213288336826,3.588213288336826,3.579,3.58,3.61,3.554,3.582,,,,,,,,,,,3.587800000000007,3.595020803285401,3.580579196714613,3.587800000000007,3.591410401642704,3.58418959835731,3.5848511158131426,3.586943128061611,3.537984570312492,3.5422890624999965,3.5856562500000124,3.587800000000007,0.0045118217793412045,37.85592117913825,61.49749329528475,,,,,-0.0007504827434477127,0.0011757286272602308,0.0019262113707079434,34.12698412698457,53.703703703703674
1765273500,3.584106644168413,3.584106644168413,3.579,3.58075,3.61,3.554,3.582,,,,,,,,,,,3.5876375000000076,3.595324298753473,3.5799507012465424,3.5876375000000076,3.5914808993767404,3.5837941006232747,3.584690287742039,3.586380116419646,3.537976171874992,3.5425828124999965,3.5856718750000125,3.5876375000000076,0.004554309092846325,39.57094529521579,59.631922406724286,,,,,-0.0011119898202137624,0.0005362240954407405,0.001648213915654503,21.031746031746422,36.90476190476216
1765274400,3.5824283220842066,3.584,3.581,3.5825,3.61,3.554,3.582,,,,,,,,,,,3.5874875000000066,3.5954475172801126,3.5795274827199006,3.5874875000000066,3.5914675086400596,3.5835074913599536,3.5846043941050962,3.5860273785633145,3.537969140624992,3.542899999999997,3.5856906250000122,3.5874875000000066,0.004461144157643014,43.48979685843157,58.04626948696496,,,,,-0.0011836286484951026,0.00016867810503562453,0.0013523067535307271,19.444444444445,24.867724867725357
1765275300,3.582464161042103,3.586,3.582464161042103,3.585,3.61,3.554,3.582,,,,,,,,,,,3.5874875000000066,3.5954475172801126,3.5795274827199006,3.5874875000000066,3.5914675086400596,3.5835074913599536,3.584619908061759,3.585933980512104,3.537963281249992,3.5432187499999968,3.5857406250000117,3.5874875000000066,0.004395050929089712,48.61634080903252,57.13263021612761,,,,,-0.0010192672715745466,0.00007822266406254386,0.0010974899356370905,27.380952380952806,22.619047619048104
1765276200,3.5837320805210515,3.584,3.581,3.5825,3.61,3.554,3.582,,,,,,,,,,,3.5872375000000063,3.5954889771467533,3.5789860228532593,3.5872375000000063,3.59136323857338,3.5831117614266326,3.5845367744122782,3.585621800465549,3.537951953124992,3.543514843749997,3.585765625000012,3.5872375000000063,0.0043668330055833034,44.28938781536586,55.7291147999825,,,,,-0.0010323668358893326,-0.00019296860922457526,0.0008393982266647574,30.158730158730464,25.661375661376116
1765277100,3.583116040260526,3.584,3.581,3.5825,3.61,3.554,3.582,,,,,,,,,,,3.5870125000000064,3.595519078342988,3.5785059216570247,3.5870125000000064,3.5912657891714974,3.5827592108285153,3.584456900905914,3.5853380004232265,3.5379359374999924,3.5438242187499966,3.5857968750000118,3.5870125000000064,0.004269202076613076,44.289387815365856,54.48139550835442,,,,,-0.000994111646984105,-0.0004032413320653738,0.0005908703149187311,30.158730158730464,29.232804232804607
1765278000,3.582808020130263,3.582808020130263,3.579,3.58,3.61,3.554,3.582,,,,,,,,,,,3.586612500000006,3.595632581768931,3.577592418231081,3.586612500000006,3.5911225408844683,3.5821024591155437,3.5842821204782314,3.5848527276574784,3.5379185546874923,3.544115624999997,3.5858031250000115,3.586612500000006,0.004236260509016613,40.145515932263706,53.37559356463044,,,,,-0.0010829520718957548,-0.0007628197749509624,0.0003201322969447924,22.222222222222666,27.51322751322789
1765278900,3.5814040100651314,3.5814040100651314,3.577,3.578,3.61,3.554,3.582,,,,,,,,,,,3.586112500000006,3.595849638959808,3.5763753610402036,3.586112500000006,3.590981069479907,3.5812439305201047,3.584035762812418,3.5842297524158893,3.5378958984374926,3.544390624999996,3.5857968750000118,3.586112500000006,0.004248242620167674,37.15083924461855,51.74976840532429,,,,,-0.001212419304682269,-0.0011953918339080438,0.00001702747077422513,15.079365079365223,22.48677248677281
1765279800,3.5797020050325656,3.5797020050325656,3.577,3.578,3.61,3.554,3.582,,,,,,,,,,,3.5856125000000056,3.5959208400761216,3.5753041599238897,3.5856125000000056,3.5907666700380636,3.5804583299619477,3.583799066231539,3.583663411287172,3.5378705078124923,3.544631249999996,3.5858156250000115,3.5856125000000056,0.004137797078196104,37.15083924461856,49.93826773060868,,,,,-0.0012301650708170552,-0.001520678867747094,-0.0002905137969300387,7.936507936507777,15.079365079365251
1765280700,3.5788510025162825,3.581,3.577,3.5795,3.61,3.554,3.582,,,,,,,,,,,3.585237500000006,3.595857616530161,3.5746173834698514,3.585237500000006,3.5905475582650834,3.5799274417349287,3.5836304753989294,3.5832849193519745,3.5378455078124924,3.544871874999996,3.5857968750000113,3.585237500000006,0.004127954429753525,40.98032403572203,47.76003772514394,,,,,-0.0010784254329152337,-0.0016385455880740807,-0.0005601201551588471,7.142857142856715,10.052910052909935
1765281600,3.579175501258141,3.59,3.579175501258141,3.5869999999999997,3.61,3.554,3.582,,,,,,,,,,,3.585187500000006,3.595764450179465,3.574610549820547,3.585187500000006,3.5904759750897357,3.5798990249102767,3.583762613618579,3.5836226539563403,3.537828710937492,3.5451421874999958,3.585865625000011,3.585187500000006,0.004606279023475336,55.56054935653714,46.414021357472066,,,,,-0.0004430461371871373,-0.0011139278266427688,-0.0006708816894556315,23.099415204677637,12.726260094680711
1765282500,3.5830877506290704,3.588,3.5830877506290704,3.5865,3.61,3.554,3.582,,,,,,,,,,,3.5851375000000067,3.595679647555611,3.5745953524444025,3.5851375000000067,3.590408573777809,3.5798664262222046,3.5838699621041252,3.5838842308694003,3.5378126953124918,3.545407812499996,3.5859718750000114,3.5851375000000067,0.004628134048293506,54.59228901659149,44.998843536946936,,,,,-0.00004737002496318769,-0.0007300942206596162,-0.0006827241956964285,40.30187124557214,23.514714531035498
1765283400,3.584793875314535,3.588,3.584793875314535,3.587,3.61,3.554,3.582,,,,,,,,,,,3.585187500000007,3.595754991428071,3.574620008571943,3.585187500000007,3.5904712457140393,3.579903754285975,3.5839927086882772,3.584167482608546,3.5377970703124917,3.545670312499996,3.5860906250000104,3.585187500000007,0.0045265619509486195,55.428786718006826,44.44895380390897,,,,,0.00024124840972299512,-0.0003811636835426846,-0.0006224120932656797,57.26299464218426,40.22142703081135
1765284300,3.5858969376572674,3.588,3.581,3.58525,3.61,3.554,3.582,,,,,,,,,,,3.585075000000007,3.595589394898545,3.574560605101469,3.585075000000007,3.590332197449276,3.5798178025507377,3.5840420142299134,3.584265893280496,3.5377808593749918,3.545935156249996,3.586143750000011,3.585075000000007,0.00470323609730944,51.82989950082766,45.06791591583828,,,,,0.0003034957133995074,-0.00024304245151629544,-0.0005465381649158029,60.872981146907925,52.81261567822145
1765285200,3.585573468828634,3.586,3.581,3.58425,3.61,3.554,3.582,,,,,,,,,,,3.584862500000006,3.5952625901488666,3.5744624098511455,3.584862500000006,3.5900625450744363,3.5796624549255758,3.584050170534623,3.5842644484368145,3.5377650390624913,3.546206249999996,3.58602812500001,3.584862500000006,0.004724433518930186,49.83856142803013,45.92381879075913,,,,,0.00026776639092115397,-0.0002118301762643604,-0.00047959656718551437,60.67296710845568,59.60298096584929
1765286100,3.584911734414317,3.588,3.581,3.58525,3.61,3.554,3.582,,,,,,,,,,,3.584475000000006,3.5941882641322267,3.5747617358677855,3.584475000000006,3.5893316320661164,3.5796183679338958,3.58409722267052,3.584354044033468,3.537749999999991,3.5464914062499964,3.58578125000001,3.584475000000006,0.004886973981863753,51.83158162667486,46.79957852872049,,,,,0.00029952524128249033,-0.00010519001558240149,-0.0004047152568648918,60.89743589743563,60.814461384266416
1765287000,3.585080867207158,3.586,3.571,3.578,3.61,3.554,3.582,,,,,,,,,,,3.5836250000000063,3.5924390512877107,3.574810948712302,3.5836250000000063,3.5880320256438587,3.579217974356154,3.583858115899127,3.5837764036667887,3.5377273437499914,3.5467539062499966,3.58545000000001,3.5836250000000063,0.0056093329831591755,39.559565443179395,46.51884771334533,,,,,-0.00015525888560683377,-0.000598788863873434,-0.00044352997826660023,52.02429149797525,57.864898167955516
1765287900,3.581540433603579,3.581540433603579,3.565,3.5695,3.61,3.554,3.582,,,,,,,,,,,3.5823500000000066,3.5915809262858187,3.5731190737141945,3.5823500000000066,3.5869654631429126,3.5777345368571005,3.583295052530534,3.5824785487879898,3.5376949218749916,3.5469820312499962,3.58496875000001,3.5823500000000066,0.006390125884617753,30.455218808425556,45.22162471330198,,,,,-0.0009705764026724663,-0.0016567504816071832,-0.0006861740789347168,39.43454790823183,50.78542510121423
1765288800,3.57552021680179,3.57552021680179,3.565,3.569,3.61,3.554,3.582,,,,,,,,,,,3.581200000000006,3.5910458112971164,3.571354188702896,3.581200000000006,3.586122905648561,3.5762770943514512,3.582734462235219,3.5812532261708996,3.537658593749992,3.5472257812499963,3.58449375000001,3.581200000000006,0.006685132378701481,30.017587067636228,44.202210374178435,,,,,-0.0014563755220248558,-0.0025066434814657867,-0.001050267959440931,23.614035087719206,38.35762483130876
1765289700,3.572260108400895,3.572260108400895,3.567,3.5695,3.61,3.554,3.582,,,,,,,,,,,3.5805000000000056,3.5915136279271342,3.569486372072877,3.5805000000000056,3.58600681396357,3.574993186036441,3.5822154637161905,3.580184751064454,3.537620703124991,3.5474820312499964,3.5840562500000104,3.5805000000000056,0.006583344951715286,31.08406391612047,43.25897295280377,,,,,-0.0016430354627144533,-0.0031040622878339974,-0.0014610268251195441,17.33333333333386,26.793972109761626
1765290600,3.5708800542004475,3.571,3.569,3.57,3.61,3.554,3.582,,,,,,,,,,,3.5800000000000063,3.591928956371242,3.5680710436287706,3.5800000000000063,3.585964478185624,3.5740355218143884,3.5817364259233986,3.579258864604049,3.5375863281249913,3.5477414062499966,3.58362500000001,3.5800000000000063,0.006255963169449924,32.19681316462405,42.691208469400934,,,,,-0.0016286709288037787,-0.0034968654861242676,-0.001868194557320489,18.00000000000016,19.649122807017736
1765291500,3.570440027100224,3.571,3.567,3.57,3.61,3.554,3.582,,,,,,,,,,,3.579462500000006,3.592152333533551,3.5667726664664614,3.579462500000006,3.5858074167667784,3.573117583233234,3.5812761739264025,3.5784171496400448,3.5375531249999916,3.5480007812499963,3.58319375000001,3.579462500000006,0.006094822943060644,32.19681316462405,42.33734946368704,,,,,-0.0015172579227246989,-0.0037647669607263623,-0.0022475090380016634,19.33333333333335,18.222222222222452
1765292400,3.570220013550112,3.611,3.570220013550112,3.59225,3.61,3.554,3.582,,,,,,,,,,,3.579950000000006,3.5937681040707408,3.566131895929271,3.579950000000006,3.5868590520353734,3.5730409479646386,3.581706520046936,3.5796746814909497,3.537540039062492,3.548337499999996,3.58305312500001,3.579950000000006,0.008588049875699196,63.01598964935771,44.1848602068827,,,,,0.00007254388934685224,-0.002156829176318098,-0.0022293730656649502,33.07971014492719,23.471014492753557
1765293300,3.581235006775056,3.604,3.581235006775056,3.5995,3.61,3.554,3.582,,,,,,,,,,,3.5806750000000056,3.5968050186029386,3.5645449813970727,3.5806750000000056,3.588740009301472,3.572609990698539,3.582404303574507,3.5814769831735904,3.5375345703124914,3.5486992187499964,3.5830343750000098,3.5806750000000056,0.009600688686359545,68.10351336084955,46.122230872963236,,,,,0.0015482008263892216,-0.0002941220326784233,-0.001842322859067645,51.41304347826048,34.608695652173665
1765294200,3.5903675033875277,3.604,3.5903675033875277,3.599,3.61,3.554,3.582,,,,,,,,,,,3.5815000000000055,3.599498611060942,3.563501388939069,3.5815000000000055,3.5904993055304737,3.572500694469537,3.583055115199036,3.583069984703264,3.537529101562492,3.5490523437499966,3.5830656250000104,3.5815000000000055,0.009888674966796173,67.41475939211935,46.9689601612191,,,,,0.0023768420346306114,0.0011287296842206196,-0.001248112350409992,69.38405797101426,51.29227053140064
1765295100,3.594683751693764,3.606,3.594683751693764,3.6029999999999998,3.61,3.554,3.582,,,,,,,,,,,3.5825250000000053,3.602822721550399,3.5622272784496114,3.5825250000000053,3.5926738607752022,3.5723761392248083,3.5838372675441716,3.5848818042756943,3.5375248046874916,3.5494117187499965,3.5831843750000103,3.5825250000000053,0.009990644491041867,70.02637102688269,48.07139459052561,,,,,0.00303826976083367,0.0025497248506320958,-0.0004885449102015745,77.17391304347785,65.99033816425086
1765296000,3.598841875846882,3.602,3.598841875846882,3.601,3.61,3.554,3.582,,,,,,,,,,,3.5835750000000055,3.6053597997497246,3.5617902002502864,3.5835750000000055,3.594467399874865,3.572682600125146,3.584510315875773,3.5863470947960856,3.537518554687492,3.549767968749997,3.583265625000011,3.5835750000000055,0.009574035895475869,67.12932988916069,48.90714767417946,,,,,0.0031703873673236353,0.0034744392989529693,0.0003040519316293343,78.26086956521702,74.9396135265697
1765296900,3.599920937923441,3.602,3.599920937923441,3.601,3.61,3.554,3.582,,,,,,,,,,,3.584725000000006,3.6076116227328408,3.561838377267171,3.584725000000006,3.5961683113664233,3.5732816886335885,3.5851569701551544,3.5876791770873506,3.537513867187492,3.550124218749996,3.58341562500001,3.584725000000006,0.009038680622696072,67.12932988916069,49.99996413048897,,,,,0.003084227195493989,0.004159335925996821,0.0010751087305028318,79.71014492753568,78.38164251207684
1765297800,3.6004604689617206,3.602,3.6,3.601,3.61,3.554,3.582,,,,,,,,,,,3.5858750000000064,3.6095907648010948,3.562159235198918,3.5858750000000064,3.5977328824005506,3.574017117599462,3.585778265443188,3.5888901609885004,3.537506835937492,3.5504804687499965,3.58357187500001,3.5858750000000064,0.008535917721074909,67.12932988916069,51.235019020569716,,,,,0.0028587418218838463,0.00464853600785764,0.0017897941859737936,78.260869565217,78.74396135265657
1765298700,3.60073023448086,3.602,3.6,3.601,3.61,3.554,3.582,,,,,,,,,,,3.586950000000006,3.6113516392914877,3.5625483607085244,3.586950000000006,3.5991508196457467,3.5747491803542655,3.586375196210122,3.5899910554440915,3.5375021484374924,3.5508367187499963,3.58377187500001,3.586950000000006,0.008069066455283828,67.12932988916069,52.32771532503299,,,,,0.0025512347759808563,0.004978837655949864,0.0024276028799690074,78.260869565217,78.74396135265656
1765299600,3.60086511724043,3.60086511724043,3.598,3.5984999999999996,3.61,3.554,3.582,,,,,,,,,,,3.5875250000000056,3.6124408082373254,3.562609191762686,3.5875250000000056,3.5999829041186655,3.5750670958813457,3.5868506787116856,3.590764595858265,3.5374978515624926,3.5511851562499963,3.5839593750000107,3.5875250000000056,0.00770699027990642,62.76366793326203,53.98515121718175,,,,,0.0020430792227252035,0.0049814519083755116,0.002938372685650308,76.44927536231819,77.65700483091739
1765300500,3.5996825586202146,3.602,3.5996825586202146,3.601,3.61,3.554,3.582,,,,,,,,,,,3.5882500000000057,3.6138390601648553,3.562660939835156,3.5882500000000057,3.6010445300824308,3.5754554699175807,3.587405554056325,3.591695087143877,3.5374970703124924,3.5515445312499963,3.5841593750000103,3.5882500000000057,0.007406490974198839,65.20086645649326,56.46698319204372,,,,,0.0017502311543253109,0.005126161628556947,0.003375930474231636,76.44927536231819,77.05314009661778
1765301400,3.6003412793101073,3.604,3.6003412793101073,3.603,3.61,3.554,3.582,,,,,,,,,,,3.589050000000006,3.615421196410387,3.562678803589625,3.589050000000006,3.602235598205197,3.5758644017948154,3.588017100956077,3.5927228064944337,3.5374970703124924,3.551885156249996,3.5844093750000097,3.589050000000006,0.007138793096748408,67.05842715321656,59.112757483870894,,,,,0.0015717872631426572,0.005340664553159957,0.0037688772900173,77.63504611330644,76.84453227931425
1765302300,3.6016706396550537,3.604,3.6,3.6025,3.61,3.554,3.582,,,,,,,,,,,3.5899125000000063,3.6168523751871464,3.562972624812866,3.5899125000000063,3.6033824375935763,3.576442562406436,3.5885850577813287,3.593611642267667,3.5374958984374922,3.5522210937499956,3.5846593750000104,3.5899125000000063,0.006914593589837807,66.10835707818569,61.6144927097327,,,,,0.0013112774368460416,0.0054079740860748515,0.00409669664922881,80.25362318840554,78.11264822134336
1765303200,3.602085319827527,3.604,3.6,3.6025,3.61,3.554,3.582,,,,,,,,,,,3.590825000000006,3.6181691492850137,3.563480850714998,3.590825000000006,3.60449707464251,3.577152925357502,3.589130741789904,3.594419674788788,3.537495507812492,3.5525570312499957,3.5849218750000107,3.590825000000006,0.006706408333420822,66.10835707818569,64.03674584641568,,,,,0.0010419067932540523,0.005399080140796375,0.004357173347542323,81.06060606060579,79.6497584541059
1765304100,3.6022926599137635,3.606,3.6022926599137635,3.6049999999999995,3.61,3.554,3.582,,,,,,,,,,,3.591812500000006,3.6197010617255843,3.5639239382744274,3.591812500000006,3.6057567808627953,3.5778682191372164,3.5897530656412804,3.595381522535262,3.5374947265624925,3.5529007812499964,3.5852218750000104,3.591812500000006,0.00649218917290765,68.68138333678343,66.64278657299849,,,,,0.0009382726585012583,0.0055300141706688954,0.004591741512167637,82.21684560687304,81.17702495196143
1765305000,3.6036463299568817,3.611,3.6036463299568817,3.6085000000000003,3.61,3.554,3.582,,,,,,,,,,,3.5933375000000054,3.6213733141513957,3.565301685848615,3.5933375000000054,3.607355407075701,3.57931959292431,3.590488239537701,3.5965741113956926,3.537497070312493,3.5532601562499964,3.585559375000011,3.5933375000000054,0.006553723520779852,71.89801486908117,67.27721694583589,,,,,0.0010056307798660298,0.005848779987000174,0.004843149207134145,85.85653007872067,83.04466058206647
1765305900,3.606073164978441,3.613,3.606073164978441,3.6092500000000003,3.61,3.554,3.582,,,,,,,,,,,3.595325000000006,3.621918279228079,3.5687317207719333,3.595325000000006,3.6086216396140425,3.5820283603859697,3.591223994849948,3.597726464905175,3.537500390624993,3.5536203124999965,3.5859375000000115,3.595325000000006,0.006580374342264077,72.54865416216111,67.59472700307242,,,,,0.000998841899204619,0.006091701581139919,0.0050928596819353,86.77289215201891,84.94875594587084
1765306800,3.6076615824892206,3.611,3.6076615824892206,3.61025,3.61,3.554,3.582,3.61,,,,,,,,,,3.5973875000000057,3.6218034143823177,3.572971585617694,3.5973875000000057,3.6095954571911615,3.58517954280885,3.5919701126989696,3.5988649680956137,3.537504492187493,3.553964843749996,3.5863031250000112,3.5973875000000057,0.006348805997158041,73.43191103330877,68.02452354887167,,,,,0.000959612851703177,0.0062923757465642716,0.0053327628948610945,86.67259476717642,86.43400566597195
1765307700,3.60895579124461,3.613,3.608,3.6105,3.61,3.554,3.582,,,,,,,,,,,3.5994375000000063,3.620842449780601,3.5780325502194117,3.5994375000000063,3.6101399748903034,3.588735025109709,3.5926967749460688,3.5999226982687396,3.5375087890624934,3.5543132812499962,3.586671875000011,3.5994375000000063,0.0062524627116467444,73.6600830999534,68.28407441123386,,,,,0.000852056987927406,0.006397834129770352,0.005545777141842946,83.91674867916747,85.7874118661209
1765308600,3.609727895622305,3.609727895622305,3.608,3.608,3.61,3.554,3.582,,,3.61,,,,,,,,3.601337500000006,3.6182218677737747,3.584453132226237,3.601337500000006,3.6097796838868903,3.5928953161131214,3.593296901418772,3.600656998426127,3.537511914062493,3.5546492187499963,3.587040625000011,3.601337500000006,0.00598442966081483,67.42413849665492,68.30513216891201,,,,,0.0005298728698008926,0.006208118229094062,0.005678245359293169,78.3286694341525,82.97267096016543
1765309500,3.6088639478111526,3.613,3.608,3.6105,3.61,3.554,3.582,3.61,,,,,,,,,,3.6033625000000056,3.61279975993761,3.593925240062401,3.6033625000000056,3.608081129968808,3.598643870031203,3.593971532735683,3.6015518167510243,3.5375158203124935,3.554989843749996,3.5874093750000107,3.6033625000000056,0.0059141132564709065,70.14594964401124,68.52060500854421,,,,,0.00040793397537957667,0.0061881628285176404,0.005780228853138064,77.77777777777843,80.00773196369943
1765310400,3.6096819739055763,3.613,3.6096819739055763,3.6115000000000004,3.61,3.554,3.582,,,,,,,,,,,3.6043250000000056,3.6129216563341053,3.5957283436659058,3.6043250000000056,3.6086233281670554,3.6000266718329557,3.5946589236087934,3.602456197046386,3.5375193359374935,3.5553398437499966,3.587815625000011,3.6043250000000056,0.005728678459181818,71.18312833516491,68.81016204040165,,,,,0.0003212408863492349,0.006181779961074607,0.005860539074725372,80.00000000000136,78.70214907064407
1765311300,3.610590986952788,3.610590986952788,3.608,3.608,3.61,3.554,3.582,,,3.61,,,,,,,,3.6047500000000054,3.613189490513907,3.596310509486104,3.6047500000000054,3.6089697452569562,3.6005302547430547,3.595182103075115,3.602960179133078,3.537522460937493,3.5556804687499968,3.588171875000011,3.6047500000000054,0.00556948714066885,62.941044997876766,68.51099883388136,,,,,-0.00002672787984633017,0.00582712922491746,0.00585385710476379,80.00000000000136,79.25925925926036
1765313100,3.6092954934763943,3.611,3.608,3.61025,3.61,3.554,3.582,3.61,,,,,,,,,,3.605312500000006,3.61364297868489,3.596982021315122,3.605312500000006,3.609477739342448,3.6011472606575636,3.595773000993738,3.60362289012098,3.537525781249993,3.556024999999997,3.588562500000011,3.605312500000006,0.005385952344906798,65.69124364449948,68.72011138468405,,,,,-0.00015320559582653742,0.005662350109980618,0.005815555705807156,78.67235148861027,79.55745049620431
1765314000,3.609772746738197,3.613,3.608,3.61125,3.61,3.554,3.582,,,,,,,,,,,3.605725000000006,3.614367771553032,3.59708222844698,3.605725000000006,3.610046385776519,3.601403614223493,3.596379942131238,3.6043162637463455,3.537531445312493,3.5563695312499966,3.5889906250000108,3.605725000000006,0.00535838432027059,66.86808938947594,68.83919873703994,,,,,-0.0002136497348895483,0.00554849353719522,0.005762143272084769,77.5185053347634,78.73028560779166
1765314900,3.6105113733690986,3.613,3.6105113733690986,3.613,3.61,3.554,3.582,,,,,,,,,,,3.606325000000006,3.6152344051496965,3.597415594850316,3.606325000000006,3.610779702574851,3.6018702974251613,3.5970317091064836,3.6051056943148594,3.537537695312493,3.556716406249996,3.5894156250000107,3.606325000000006,0.0051534016281727935,68.87986165532564,68.96930120147631,,,,,-0.00018118652674850057,0.0055356601136491435,0.005716846640397644,88.62961644587419,81.6068244230826
1765315800,3.6117556866845493,3.615,3.6117556866845493,3.615,3.61,3.554,3.582,,,,,,,,,,,3.6070250000000064,3.616341517596034,3.597708482403979,3.6070250000000064,3.61168325879802,3.6023667412019926,3.597736347965053,3.606005176649872,3.537545507812493,3.557071093749996,3.5898781250000114,3.6070250000000064,0.005017038177264089,71.04382619968705,69.32183471015497,,,,,-0.0000758251916091095,0.005622065150886257,0.005697890342495367,95.51282051282067,87.22031409781941
1765316700,3.613377843342275,3.619,3.613,3.6165,3.61,3.554,3.582,,,,,,,,,,,3.607800000000006,3.6175514101611044,3.5980485898389074,3.607800000000006,3.612675705080555,3.6029242949194566,3.5984721774566197,3.606959251499884,3.537557617187493,3.557422656249996,3.5903718750000118,3.607800000000006,0.005087249736030956,72.5836270925531,69.7843539968955,,,,,0.000037968051012512126,0.005745350406261007,0.005707382355248495,95.01217232047635,93.05153642639038
1765317600,3.614938921671137,3.619,3.614938921671137,3.6170000000000004,3.61,3.554,3.582,,,,,,,,,,,3.6086000000000054,3.618610494500708,3.598589505499303,3.6086000000000054,3.6136052472503564,3.6035947527496544,3.5991987587328307,3.607872046818076,3.5375720703124935,3.5577695312499964,3.5908843750000115,3.6086000000000054,0.005013951778376105,73.09717934403989,70.09976799741382,,,,,0.00008717681939244236,0.005816353379489048,0.005729176560096605,90.67010514829956,93.73169932719884
1765318500,3.6159694608355686,3.6159694608355686,3.615,3.615,3.61,3.554,3.582,,,,,,,,,,,3.609425000000006,3.6186595817515705,3.6001904182484417,3.609425000000006,3.6140422908757883,3.604807709124224,3.599818415253112,3.6085200425618873,3.537584179687493,3.558113281249996,3.591384375000011,3.609425000000006,0.004798669508492113,67.63936410365723,69.79557865702641,,,,,-0.00006641716757493487,0.0056461551006279365,0.005712572268202871,80.35564433008985,88.67930726628856
1765324800,3.6154847304177844,3.617,3.6154847304177844,3.617,3.619,3.565,3.592,,,,,,,,,,,3.6102250000000056,3.6191691321623285,3.6012808678376826,3.6102250000000056,3.614697066081167,3.6057529339188443,3.6004922028902446,3.609290947783534,3.537597851562493,3.558464843749996,3.5918968750000113,3.6102250000000056,0.004598764543599803,70.04778218761,69.61694494455847,,,,,-0.00008365030862220353,0.0056080093824251165,0.00569165969104732,79.46375673159578,83.49650206999503
1765325700,3.616242365208892,3.616242365208892,3.611,3.6125000000000003,3.619,3.565,3.592,,,,,,,,,,,3.610700000000006,3.619048053673688,3.6023519463263236,3.610700000000006,3.614874026836847,3.6065259731631647,3.600963096894549,3.609582679803213,3.537606054687493,3.5587992187499955,3.5923031250000106,3.610700000000006,0.0046988527904855155,59.34563718078965,68.61078252652139,,,,,-0.0004291358823064655,0.005155239838164238,0.005584375720470704,64.10885420680326,74.64275175616294
1765326600,3.6143711826044465,3.615,3.613,3.6134999999999997,3.619,3.565,3.592,,,,,,,,,,,3.6112500000000054,3.6187732971590134,3.6037267028409974,3.6112500000000054,3.615011648579509,3.6074883514205016,3.6014547401535864,3.6099387998211028,3.5376150390624934,3.5591398437499953,3.592709375000011,3.6112500000000054,0.004541791876879404,60.77967243380955,67.6907531932254,,,,,-0.0006102775583224068,0.004821528772567696,0.005431806330890103,57.75664835834494,67.10975309891464
1765327500,3.613935591302223,3.615,3.613,3.6134999999999997,3.619,3.565,3.592,,,,,,,,,,,3.611800000000006,3.618210148214463,3.605389851785549,3.611800000000006,3.615005074107234,3.6085949258927776,3.6019271032848184,3.6102625452919117,3.5376240234374934,3.559480468749996,3.593134375000011,3.611800000000006,0.004360235314245177,60.77967243380955,67.21614847445073,,,,,-0.0007413426349869509,0.004505128037156414,0.005246470672143365,46.96969696969463,56.278399844947586
1765328400,3.6137177956511115,3.6137177956511115,3.611,3.611,3.619,3.565,3.592,,,,,,,,,,,3.612100000000006,3.6177222771301842,3.606477722869828,3.612100000000006,3.614911138565095,3.609288861434917,3.6022829031560017,3.610329586629011,3.537630273437494,3.5598132812499954,3.593528125000011,3.612100000000006,0.0042429181954499,55.14029538191373,66.14431602715806,,,,,-0.000992004511150152,0.004006465033205675,0.004998469544355827,42.424242424239964,49.050195917426485
1765331100,3.6123588978255556,3.6123588978255556,3.609,3.61,3.619,3.565,3.592,,,,,,,,,,,3.6121750000000055,3.6176410314805976,3.6067089685194134,3.6121750000000055,3.6149080157403017,3.609441984259709,3.602585534404786,3.6102996242081917,3.537636523437494,3.560146093749996,3.5939031250000104,3.6121750000000055,0.004179773883314597,53.02112258318655,64.84702990201674,,,,,-0.001206499759847133,0.003490344844546911,0.004696844604394044,31.818181818179966,40.40404040403815
1765333800,3.611179448912778,3.611179448912778,3.609,3.609,3.619,3.565,3.592,,,,,,,,,,,3.612162500000006,3.6176563033400964,3.6066686966599155,3.612162500000006,3.6149094016700514,3.6094155983299605,3.6028370820751867,3.6101814765529014,3.537644335937494,3.560474218749996,3.5942593750000107,3.612162500000006,0.004036893528276268,50.913863102553144,63.9879454809222,,,,,-0.0013843324147366585,0.002966429085973221,0.00435076150070988,18.18181818181731,30.808080808079044
1765334700,3.610089724456389,3.611,3.609,3.61,3.619,3.565,3.592,,,,,,,,,,,3.6121500000000055,3.617662259078778,3.606637740921233,3.6121500000000055,3.614906129539392,3.609393870460619,3.6031179808173364,3.610164978684456,3.5376542968749947,3.560805468749996,3.5946343750000103,3.6121500000000055,0.003891401133399408,52.92856688631775,63.076325712480646,,,,,-0.0013990728832462395,0.00260192039665208,0.004000993279898319,15.1515151515133,21.717171717170157
1765335600,3.6100448622281944,3.611,3.6100448622281944,3.611,3.619,3.565,3.592,,,,,,,,,,,3.6121750000000055,3.6176615745374363,3.6066884254625746,3.6121750000000055,3.6149182872687207,3.6094317127312903,3.6034270796088133,3.6102408897131415,3.5376644531249943,3.5611335937499957,3.5950093750000107,3.6121750000000055,0.0036848724810137597,54.92112106190937,62.22297083194018,,,,,-0.0013076288391324783,0.0023664572309827214,0.0036740860701151997,15.757575757575232,16.363636363635244
1765336500,3.6105224311140973,3.611,3.6105224311140973,3.611,3.619,3.565,3.592,,,,,,,,,,,3.6123250000000056,3.6175021131091274,3.6071478868908837,3.6123250000000056,3.6149135565545665,3.6097364434454446,3.603724056879056,3.6103098997392196,3.5376748046874944,3.561461718749996,3.59536562500001,3.6123250000000056,0.003455779367077269,54.92112106190937,61.22591793241044,,,,,-0.0012152613607259509,0.002155009369207761,0.003370270729933712,19.393939393939828,16.767676767676083
1765337400,3.6107612155570488,3.611,3.609,3.61,3.619,3.565,3.592,,,,,,,,,,,3.612300000000006,3.6175167997978526,3.6070832002021596,3.612300000000006,3.6149083998989293,3.609691600101083,3.6039701722955635,3.610281727035654,3.5376841796874943,3.5617804687499954,3.5956906250000102,3.612300000000006,0.003351795126571766,52.35103674814636,59.890718685871825,,,,,-0.0011882049847971306,0.0018850144989372986,0.003073219483734429,16.66666666666739,17.272727272727447
1765338300,3.6103806077785245,3.611,3.609,3.6095,3.619,3.565,3.592,,,,,,,,,,,3.6122000000000063,3.6175492990306033,3.6068507009694093,3.6122000000000063,3.614874649515305,3.6095253504847076,3.604187028283973,3.6102106609415037,3.5376923828124944,3.5620945312499956,3.5959906250000104,3.6122000000000063,0.0032552383318166555,51.06432790623872,58.353625886849365,,,,,-0.001168885691131316,0.0016121123698202844,0.0027809980609516003,11.666666666667316,15.909090909091475
1765339200,3.609940303889262,3.611,3.609940303889262,3.611,3.619,3.565,3.592,,,,,,,,,,,3.6123500000000055,3.6173784192488005,3.6073215807512105,3.6123500000000055,3.614864209624403,3.609835790375608,3.604454203645386,3.6102824190377305,3.5377017578124943,3.5624070312499954,3.5963156250000106,3.6123500000000055,0.003129864165258327,54.664316343479896,57.0369928153808,,,,,-0.0010251291454668097,0.0014995866291180882,0.002524715774584898,13.333333333334314,13.888888888889637
1765340100,3.6104701519446314,3.611,3.6104701519446314,3.611,3.619,3.565,3.592,,,,,,,,,,,3.6123875000000063,3.6173636305373384,3.607411369462674,3.6123875000000063,3.6148755652686724,3.6098994347313402,3.604710901541645,3.6103476536706642,3.5377107421874947,3.5627195312499955,3.5966093750000097,3.6123875000000063,0.002944148728837648,54.664316343479896,56.11020368965384,,,,,-0.0009043037157114779,0.0013943361299455503,0.0022986398456570282,18.333333333335684,14.444444444445736
1765348200,3.6107350759723156,3.611,3.6107350759723156,3.611,3.619,3.565,3.592,,,,,,,,,,,3.6123750000000063,3.6173637373269902,3.6073862626730224,3.6123750000000063,3.6148693686634985,3.609880631336514,3.6049575328537378,3.610406957882422,3.5377197265624942,3.5630320312499952,3.59690937500001,3.6123750000000063,0.002752775535898147,54.664316343479896,55.0113847007874,,,,,-0.0008021238427509954,0.001295985042218284,0.0020981088849692793,25.87176261858494,19.179476428418276
1765349100,3.6108675379861577,3.6108675379861577,3.609,3.609,3.619,3.565,3.592,,,,,,,,,,,3.6121750000000064,3.617364171428655,3.6069858285713576,3.6121750000000064,3.6147695857143307,3.609580414285682,3.6051160609771205,3.610279052620384,3.5377271484374937,3.5633414062499957,3.59717187500001,3.6121750000000064,0.002699005854762581,48.698328181368055,54.25086262940015,,,,,-0.0008427942064945123,0.001044616126851139,0.0018874103333456512,17.538429285250675,20.581175079057065
1765350000,3.609933768993079,3.609933768993079,3.607,3.6079999999999997,3.619,3.565,3.592,,,,,,,,,,,3.611825000000006,3.617147358513529,3.6065026414864825,3.611825000000006,3.6144861792567675,3.609163820743244,3.6052291566250765,3.6100718660185307,3.5377341796874937,3.563650781249996,3.5974218750000104,3.611825000000006,0.0027157746503565844,45.995323300833846,53.194837691330456,,,,,-0.0009051297611688898,0.0007559981318845388,0.0016611278930534286,13.371762618580775,18.92731817413876
1765350900,3.6089668844965392,3.609,3.607,3.608,3.619,3.565,3.592,,,,,,,,,,,3.611400000000006,3.6165146847539607,3.6062853152460512,3.611400000000006,3.6139573423769833,3.6088426576230286,3.605337817149583,3.6098835145623007,3.5377412109374937,3.5639710937499958,3.5976718750000103,3.611400000000006,0.0026646478896168125,45.99532330083528,52.13881275326087,,,,,-0.0009118962673817347,0.0005212575588262602,0.001433153826207995,9.128611784452405,13.346267896094583
1765351800,3.6084834422482697,3.609,3.6084834422482697,3.609,3.619,3.565,3.592,,,,,,,,,,,3.6110000000000064,3.61551663592928,3.606483364070733,3.6110000000000064,3.613258317964643,3.6087416820353697,3.605481432163325,3.609803195056637,3.5377509765624935,3.564292968749996,3.597946875000011,3.6110000000000064,0.0025457444689298897,49.261500651090905,51.718898843916385,,,,,-0.0008175823992646028,0.00041117582712724143,0.0012287582263918442,21.568980837346164,14.689785080126413
1765352700,3.608741721124135,3.611,3.607,3.609,3.619,3.565,3.592,,,,,,,,,,,3.610700000000006,3.614900000016426,3.6064999999835856,3.610700000000006,3.612800000008216,3.6085999999917955,3.6056194152157435,3.609730177324215,3.537761132812494,3.5646195312499964,3.5982093750000113,3.610700000000006,0.0026496198640063263,49.261500651090905,51.45035442019526,,,,,-0.0007268116277324916,0.0003202436917262297,0.0010470553194587213,33.353380461464845,21.350324361087768
1765353600,3.6088708605620674,3.611,3.6088708605620674,3.611,3.619,3.565,3.592,,,,,,,,,,,3.6104000000000056,3.6134594117325407,3.6073405882674705,3.6104000000000056,3.611929705866273,3.6088702941337383,3.6058304185406165,3.6098456157492866,3.537774804687494,3.564953906249996,3.5985031250000103,3.6104000000000056,0.0026124426907153603,55.503624626490414,51.77819452904793,,,,,-0.0005137280759801742,0.00040489522448350357,0.0009186233004636777,61.724768677010104,38.882376658607
1765354500,3.609935430281034,3.613,3.609935430281034,3.612,3.619,3.565,3.592,,,,,,,,,,,3.610375000000006,3.613372915965788,3.607377084034224,3.610375000000006,3.611873957982897,3.608876042017115,3.6060723629115725,3.610041468862988,3.5377896484374944,3.5652945312499957,3.5988281250000105,3.610375000000006,0.002644737478447546,58.268129204652865,52.159591837500436,,,,,-0.00029779820868080164,0.0005463755396126757,0.0008441737482934773,77.06217740189456,57.38010884678983
1765355400,3.610967715140517,3.621,3.610967715140517,3.6165000000000003,3.619,3.565,3.592,,,,,,,,,,,3.610525000000006,3.614325986731752,3.6067240132682605,3.610525000000006,3.612425493365879,3.6086245066341336,3.606481289856217,3.6106286080572616,3.537802148437495,3.5656523437499956,3.5991906250000105,3.610525000000006,0.003172419434235788,67.92534385598518,53.08846489422013,,,,,0.0001326368393278338,0.0010099697974532695,0.0008773329581254357,83.73015873015963,74.17236826968809
1765356300,3.6137338575702587,3.623,3.6137338575702587,3.6210000000000004,3.619,3.565,3.592,3.619,,,,,,,,,,3.6109000000000058,3.6167360945965137,3.605063905403498,3.6109000000000058,3.6138180472982597,3.607981952701752,3.607050651038326,3.6115714618702377,3.5378130859374948,3.566022656249996,3.5995968750000102,3.6109000000000058,0.0036076853624861997,74.32408619898041,54.4743909754395,,,,,0.0006746531562861749,0.0017206494034831543,0.0010459962471969795,79.56349206349343,80.11860939851586
1765357200,3.6173669287851293,3.625,3.6173669287851293,3.623,3.619,3.565,3.592,,,,,,,,,,,3.6115000000000057,3.6193676553149605,3.603632344685051,3.6115000000000057,3.615433827657483,3.6075661723425285,3.6076761157034896,3.612610419882034,3.537823242187495,3.566389843749996,3.5999718750000107,3.6115000000000057,0.0038952129233708046,76.56205632584935,56.203749516703986,,,,,0.001097111229403102,0.002417385283950857,0.001320274054547755,81.41534391534523,81.56966490299942
1765358100,3.6201834643925648,3.625,3.6201834643925648,3.624,3.619,3.565,3.592,,,,,,,,,,,3.6122000000000063,3.621725754570245,3.6026742454297676,3.6122000000000063,3.616962877285126,3.6074371227148867,3.608316268028843,3.613645836256395,3.537834570312495,3.566758593749996,3.60033437500001,3.6122000000000063,0.003961021686518263,77.61276778308127,58.10006665076418,,,,,0.0013561683590051026,0.0030154845033041333,0.0016593161442990307,90.2777777777788,83.75220458553916
1765359000,3.6220917321962824,3.625,3.6220917321962824,3.624,3.619,3.565,3.592,,,,,,,,,,,3.6129500000000063,3.623640650126494,3.6022593498735187,3.6129500000000063,3.6182953250632504,3.6076046749367623,3.608931316341437,3.61458712386945,3.5378474609374946,3.5671242187499956,3.6006968750000103,3.6129500000000063,0.0038858249806039266,77.61276778308127,59.73924175359284,,,,,0.0014323200941758494,0.0034497162620188426,0.0020173961678429933,92.59259259259333,88.09523809523911
1765359900,3.623045866098141,3.625,3.623,3.6240000000000006,3.619,3.565,3.592,,,,,,,,,,,3.613650000000006,3.625269380367997,3.602030619632015,3.613650000000006,3.6194596901840015,3.6078403098160106,3.609522245112361,3.615442839881318,3.5378615234374946,3.567489843749995,3.6010968750000103,3.613650000000006,0.0037511231962750586,77.6127677830818,61.37841685642155,,,,,0.001386573724567631,0.003750613323552532,0.002364039598984901,94.44444444444582,92.43827160493932
1765360800,3.623522933049071,3.623522933049071,3.623,3.623,3.619,3.565,3.592,,,,,,,,,,,3.6142500000000064,3.626483151684067,3.602016848315946,3.6142500000000064,3.620366575842037,3.608133424157976,3.6100507845197196,3.616129854437562,3.537872460937495,3.5678460937499947,3.60159062500001,3.6142500000000064,0.0035546143965411495,73.49756749271786,62.72364908136712,,,,,0.0011998441389192934,0.0038638447726340175,0.002664000633714724,92.59259259259414,93.20987654321111
1765361700,3.6232614665245357,3.625,3.623,3.6245000000000003,3.619,3.565,3.592,,,,,,,,,,,3.6149250000000066,3.6278373003420246,3.6020126996579886,3.6149250000000066,3.6213811501710156,3.6084688498289976,3.610617420420907,3.61689077676142,3.5378853515624953,3.5681945312499947,3.6021468750000096,3.6149250000000066,0.003443570511073909,75.58844767216144,64.64437190213808,,,,,0.0010913471502397706,0.004028184571514437,0.0029368374212746665,93.5185185185204,93.51851851852012
1765362600,3.623880733262268,3.623880733262268,3.621,3.6225000000000005,3.619,3.565,3.592,,,,,,,,,,,3.6155500000000074,3.6286568684320732,3.6024431315679415,3.6155500000000074,3.62210343421604,3.6089965657839747,3.6110834039338124,3.6174007061467455,3.537897070312495,3.568533593749995,3.60266875000001,3.6155500000000074,0.0034476011888543642,67.8968516650564,66.20876678529683,,,,,0.0008117232048778225,0.003951491427371945,0.0031397682224941223,90.74074074074247,92.28395061728567
1765363500,3.6231903666311345,3.6231903666311345,3.621,3.6225000000000005,3.619,3.565,3.592,,,,,,,,,,,3.616200000000007,3.629331641181011,3.6030683588190033,3.616200000000007,3.622765820590509,3.6096341794095053,3.611531113583467,3.6178642783152233,3.5379068359374948,3.568875781249995,3.60316875000001,3.616200000000007,0.003357798720445801,67.8968516650564,67.77316166845549,,,,,0.0005652837938764583,0.003846372964839695,0.0032810891709632367,89.81481481481705,91.35802469135997
1765364400,3.6228451833155675,3.625,3.6228451833155675,3.624,3.619,3.565,3.592,,,,,,,,,,,3.6168500000000074,3.630173287886254,3.603526712113761,3.6168500000000074,3.6235116439431305,3.6101883560568844,3.61202008952137,3.6184220711956576,3.537915039062495,3.5691843749999945,3.6036562500000096,3.6168500000000074,0.0032965273832710655,70.50725085391335,69.29071525437136,,,,,0.0004470006668829637,0.003839840004566941,0.0033928393376839775,88.8888888888908,89.81481481481678
1765365300,3.623422591657784,3.627,3.623422591657784,3.6259999999999994,3.619,3.565,3.592,,,,,,,,,,,3.6176000000000066,3.6312073509590177,3.6039926490409955,3.6176000000000066,3.624403675479512,3.6107963245205013,3.612568321304846,3.619110973814234,3.537924414062495,3.569531249999995,3.6042000000000094,3.6176000000000066,0.003316590308909988,73.59071792957253,71.02851648854863,,,,,0.000446134039846498,0.0039505068874921,0.003504372847645602,91.6798579771593,90.12785389362239
1765366200,3.6247112958288916,3.625,3.623,3.6240000000000006,3.619,3.565,3.592,,,,,,,,,,,3.618250000000007,3.631775901083616,3.604724098916398,3.618250000000007,3.6250129505418114,3.6114870494582023,3.613016622430146,3.619555430740213,3.537928906249995,3.569884374999995,3.6047187500000093,3.618250000000007,0.003293976715416362,66.1434714698389,71.78850554878781,,,,,0.0002626197452780558,0.0038326475292431716,0.003570027783965116,90.44939258846286,90.33937981817098
1765367100,3.624355647914446,3.627,3.623,3.6245000000000003,3.619,3.565,3.592,,,,,,,,,,,3.6190250000000064,3.6321111568132647,3.605938843186748,3.6190250000000064,3.6255680784066358,3.612481921593377,3.613466950962297,3.620004937036557,3.5379351562499948,3.570232812499995,3.6052750000000096,3.6190250000000064,0.0033444069500294478,67.04144903887592,72.41517125123231,,,,,0.0001331911497598503,0.0037365167211649286,0.0036033255714050783,87.10339933815324,89.7442166345918
1765368000,3.624427823957223,3.624427823957223,3.621,3.6225000000000005,3.619,3.565,3.592,,,,,,,,,,,3.619750000000006,3.6318846611055715,3.6076153388944405,3.619750000000006,3.6258173305527888,3.6136826694472233,3.613821188179462,3.6202317609423247,3.537942968749995,3.570568749999995,3.6058312500000094,3.619750000000006,0.003355520739313079,60.16716765571921,71.86101580835617,,,,,-0.00011540044567625966,0.0034590750143097537,0.0035744754599860134,77.63508041699139,85.06262411453582
1765368900,3.623463911978612,3.627,3.623463911978612,3.6259999999999994,3.619,3.565,3.592,,,,,,,,,,,3.620650000000006,3.631794954021344,3.6095050459786684,3.620650000000006,3.6262224770106752,3.615077522989337,3.6142987886430125,3.620756146311204,3.5379519531249946,3.570917187499995,3.6064312500000097,3.620650000000006,0.003437269257933522,66.61804036262998,71.31058396290257,,,,,-0.00007438934672307929,0.0034814887765821645,0.003555878123305244,80.03487366967737,81.59111780827398
1765369800,3.6247319559893056,3.627,3.623,3.6254999999999997,3.619,3.565,3.592,,,,,,,,,,,3.6214750000000064,3.631427261056465,3.611522738943548,3.6214750000000064,3.6264511305282356,3.6164988694717772,3.6147380518334824,3.6211874057374582,3.537960546874994,3.571260937499995,3.6070062500000097,3.6214750000000064,0.003477464310938239,64.99858919311234,70.48462202484993,,,,,-0.00010911186594036223,0.0034194882908797908,0.003528600156820153,77.89761441978841,78.52252283548572
1765370700,3.6251159779946525,3.6251159779946525,3.621,3.6235,3.619,3.565,3.592,,,,,,,,,,,3.6222000000000065,3.630363332660624,3.614036667339389,3.6222000000000065,3.6262816663303155,3.6181183336696976,3.615081657643934,3.6213976415795073,3.537968359374994,3.5715867187499954,3.60746250000001,3.6222000000000065,0.0035505025744426307,58.837276625845966,69.14351551361884,,,,,-0.00028496034570201726,0.0031723997246926317,0.003457360070394649,69.7601494378663,75.89754584244402
1765371600,3.624307988997326,3.625,3.619,3.6225,3.619,3.565,3.592,,,,,,,,,,,3.6227750000000065,3.629119091749885,3.6164309082501283,3.6227750000000065,3.6259470458749457,3.6196029541250674,3.6153725730304465,3.6214978559813704,3.537974609374994,3.5719124999999954,3.6079125000000096,3.6227750000000065,0.0037254666762681415,55.979971177447844,67.59831575607359,,,,,-0.00047557842949625447,0.0028628870335243306,0.003338465463020585,54.47045120350563,67.37607168705345
1765372500,3.623403994498663,3.625,3.623,3.6245000000000003,3.619,3.565,3.592,,,,,,,,,,,3.6234000000000064,3.6274074929978783,3.6193925070021344,3.6234000000000064,3.6254037464989426,3.62139625350107,3.615730511342978,3.621770778164882,3.537980078124994,3.5722328124999954,3.60838125000001,3.6234000000000064,0.0036379333422489847,60.148331861058786,66.35085604735767,,,,,-0.0004729243691366453,0.0027473100015997787,0.003220234370736424,51.3888888888907,58.53982984342087
1765373400,3.623951997249332,3.623951997249332,3.613,3.6185,3.619,3.565,3.592,,,3.619,,,,,,,,3.623500000000006,3.626861547283499,3.6201384527165135,3.623500000000006,3.6251807736417527,3.6218192263582596,3.6158391187412926,3.621473434695347,3.5379847656249943,3.572521874999995,3.60879687500001,3.623500000000006,0.0041995095320883635,46.05788174324575,64.39087849382393,,,,,-0.0008587336235955376,0.002146817341242002,0.00300555096483754,50.595238095240035,52.15152606254545
1765374300,3.621225998624666,3.621225998624666,3.615,3.6165000000000003,3.619,3.565,3.592,,,,,,,,,,,3.6232750000000067,3.627707550070183,3.61884244992983,3.6232750000000067,3.625491275035095,3.6210587249649184,3.615865035653399,3.6210213042684973,3.537987109374994,3.5728109374999955,3.6092000000000097,3.6232750000000067,0.00434425875298675,42.485138954870656,62.026356442588884,,,,,-0.001210571516456827,0.0014923365692665058,0.002702908085723333,44.34523809524072,48.77645502645714
1765375200,3.6188629993123334,3.619,3.613,3.616,3.619,3.565,3.592,,,,,,,,,,,3.6229250000000066,3.6283772931072513,3.617472706892762,3.6229250000000066,3.6256511465536287,3.6201988534463845,3.6158703283728735,3.62056482206227,3.5379914062499935,3.573089062499995,3.60958437500001,3.6229250000000066,0.004462525984916284,41.6160125414349,60.149153648044496,,,,,-0.001424187261189101,0.0009226740092369567,0.002346861270426058,28.57142857143006,41.17063492063693
1765376100,3.617431499656167,3.617431499656167,3.613,3.6145,3.619,3.565,3.592,,,,,,,,,,,3.6224500000000064,3.6289914065859596,3.615908593414053,3.6224500000000064,3.625720703292983,3.61917929670703,3.6158165900053096,3.6200134746020636,3.5379953124999943,3.573356249999995,3.610040625000009,3.6224500000000064,0.004460309818577046,39.036025989570064,58.08766609979547,,,,,-0.0016005416039254505,0.00034618426551924486,0.0019467258694446953,19.047619047620387,30.654761904763706
1765377000,3.6159657498280833,3.6159657498280833,3.613,3.614,3.619,3.565,3.592,,,,,,,,,,,3.6219500000000067,3.62940587017833,3.6144941298216833,3.6219500000000067,3.6256779350891684,3.618222064910845,3.615745351181572,3.619466795092785,3.5379992187499942,3.573626562499995,3.6105968750000095,3.6219500000000067,0.004353555533541778,38.18620605012085,55.779020042381724,,,,,-0.0016768308138174666,-0.00014931264782713782,0.0015275181659903287,13.095238095238415,20.238095238096275
1765377900,3.6149828749140416,3.6149828749140416,3.598,3.6077500000000002,3.619,3.565,3.592,,,,,,,,,,,3.621137500000007,3.6307519097642245,3.611523090235789,3.621137500000007,3.625944704882116,3.6163302951178977,3.6154318079979806,3.618401631902532,3.538000585937495,3.573872656249995,3.6110812500000096,3.621137500000007,0.005255649775006059,29.53166645280622,52.631944936898414,,,,,-0.002049531660920271,-0.00103439641016001,0.001015135250760261,17.159277504105507,16.434044882321427
1765378800,3.611366437457021,3.611366437457021,3.598,3.6025,3.619,3.565,3.592,,,,,,,,,,,3.6201125000000074,3.632642937945399,3.607582062054616,3.6201125000000074,3.6263777189727033,3.6138472810273115,3.6149246782725695,3.616956029002302,3.537998242187495,3.574107031249995,3.611493750000009,3.6201125000000074,0.0058349917522928585,24.507150351575902,49.657921999879626,,,,,-0.00251999102446493,-0.0021348535298209015,0.00038513749464402845,18.760262725780407,16.338259441708104
1765379700,3.6069332187285106,3.6069332187285106,3.602,3.60425,3.619,3.565,3.592,,,,,,,,,,,3.6191000000000075,3.6332203753524657,3.6049796246475494,3.6191000000000075,3.626160187676237,3.6120398123237782,3.614506063438351,3.615800935456638,3.5379972656249947,3.5743531249999947,3.6119218750000086,3.6191000000000075,0.005770579393451276,28.85254368729082,46.93014304619498,,,,,-0.002574594058973512,-0.002833105079072862,-0.0002585110200993497,23.56321839080539,19.827586206897095
1765380600,3.6055916093642555,3.6055916093642555,3.598,3.6007499999999997,3.619,3.565,3.592,,,,,,,,,,,3.6180125000000074,3.634127302980405,3.6018976970196097,3.6180125000000074,3.6260699014902062,3.6099550985098086,3.61396660997018,3.6144326685969435,3.5379923828124946,3.5745835937499946,3.612306250000009,3.6180125000000074,0.005900652962794443,25.670068792153884,44.46606455594031,,,,,-0.0026948587360176293,-0.0036270844401213864,-0.0009322257041037571,15.51724137931047,19.280240831965415
1765381500,3.6031708046821276,3.6031708046821276,3.598,3.5994999999999995,3.619,3.565,3.592,,,,,,,,,,,3.616862500000008,3.634720603905267,3.599004396094749,3.616862500000008,3.6257915519526374,3.6079334480473784,3.613399291932134,3.6130751532699485,3.537983789062495,3.574803906249995,3.612396875000009,3.616862500000008,0.00584852094274682,24.62537183886164,41.466588232814004,,,,,-0.002700242513663852,-0.004307528846183573,-0.0016072863325197204,12.068965517240855,17.049808429118897
1765382400,3.6013354023410633,3.6013354023410633,3.598,3.5989999999999998,3.619,3.565,3.592,,,,,,,,,,,3.6156125000000072,3.6347511226021285,3.596473877397886,3.6156125000000072,3.6251818113010676,3.606043188698947,3.612834613817148,3.611795593881771,3.5379759765624947,3.5750226562499945,3.612390625000009,3.6156125000000072,0.005669012471198007,24.201101084719582,38.55248193935738,,,,,-0.002579321295905234,-0.004831437952401263,-0.0022521166564960287,6.114344990965319,11.233517295838874
1765383300,3.6001677011705313,3.602,3.598,3.5999999999999996,3.619,3.565,3.592,,,,,,,,,,,3.6143125000000076,3.633977109711468,3.594647890288547,3.6143125000000076,3.624144804855738,3.6044801951442773,3.6123312956282403,3.6107232671652465,3.537971289062495,3.575250781249995,3.6124031250000086,3.6143125000000076,0.005549797294683864,26.91325058237409,36.272194364823676,,,,,-0.0022839681533056216,-0.005107076848128056,-0.0028231086948224344,5.4225612532044964,7.868623920470217
1765384200,3.6000838505852655,3.6000838505852655,3.594,3.5949999999999998,3.619,3.565,3.592,,,,,,,,,,,3.612862500000008,3.63369785157118,3.5920271484288357,3.612862500000008,3.623280175785594,3.602444824214422,3.6116516369761524,3.6092938792411333,3.5379623046874946,3.575453906249995,3.612303125000009,3.612862500000008,0.005587943958296845,22.56561957211821,33.885454964442985,,,,,-0.0022724677167924195,-0.005663693340812959,-0.003391225624020539,4.773692139374632,5.436866127848142
1765385100,3.5975419252926324,3.5975419252926324,3.59,3.593,3.619,3.565,3.592,,,,,,,,,,,3.6112875000000075,3.633105081788321,3.589469918211694,3.6112875000000075,3.6221962908941645,3.6003787091058506,3.61092020023199,3.6078126174919394,3.537951367187495,3.575652343749995,3.612203125000009,3.6112875000000075,0.005727514053606537,21.09749758361629,31.096109658911384,,,,,-0.002242851124146807,-0.006194789529204048,-0.003951938405057241,6.489739448302917,5.561997613627342
1765386000,3.595270962646316,3.595270962646316,3.59,3.591,3.619,3.565,3.592,,,,,,,,,,,3.6097125000000077,3.632587308744372,3.5868376912556434,3.6097125000000077,3.62114990437219,3.5982750956278253,3.6101390159091666,3.606284197719945,3.5379388671874947,3.5758414062499946,3.6120781250000085,3.6097125000000077,0.005694903238800093,19.716094397767804,29.21455341994867,,,,,-0.0021983203151366582,-0.006699838798978064,-0.004501518483841406,5.088090189147166,5.450507258941566
1765386900,3.5931354813231584,3.5931354813231584,3.59,3.5915000000000004,3.619,3.565,3.592,,,,,,,,,,,3.607987500000008,3.6308924530686686,3.5850825469313476,3.607987500000008,3.619439976534338,3.596535023465678,3.6094080741088073,3.6049401797454044,3.5379228515624943,3.576032031249995,3.6119593750000085,3.607987500000008,0.00551208738768284,21.10685842767238,27.68753338229165,,,,,-0.0019822213666206862,-0.006979295192117263,-0.004997073825496577,5.736959302978025,5.771596313476029
1765387800,3.5923177406615796,3.594,3.59,3.5925,3.619,3.565,3.592,,,,,,,,,,,3.606337500000008,3.6287067171315472,3.5839682828684687,3.606337500000008,3.6175221085657774,3.5951528914342386,3.60874501237905,3.603809254314004,3.5379080078124945,3.576224218749995,3.611853125000008,3.606337500000008,0.005404081145705495,23.944580154003518,26.425288211760833,,,,,-0.001633488380692107,-0.00703893430136171,-0.005405445920669603,5.829494600948993,5.551514697691388
1765388700,3.5924088703307895,3.5924088703307895,3.584,3.5885000000000002,3.619,3.565,3.592,,,,,,,,,,,3.604587500000008,3.6267878800660576,3.5823871199339585,3.604587500000008,3.615687690033033,3.5934873099669833,3.6079510903249696,3.602417503921822,3.537888476562494,3.5764101562499953,3.611728125000009,3.604587500000008,0.005625218206726512,20.732240442076105,25.1178749583684,,,,,-0.001535269377686001,-0.007324532642777104,-0.005789263265091103,9.454530548324492,7.00699481741717
1765389600,3.5904544351653946,3.5904544351653946,3.588,3.588,3.619,3.565,3.592,,,,,,,,,,,3.6028625000000076,3.624583730975585,3.5811412690244304,3.6028625000000076,3.613723115487796,3.5920018845122192,3.607168694625951,3.601106821747111,3.5378697265624943,3.5765976562499953,3.6115656250000088,3.6028625000000076,0.00539873370377423,20.364465652612367,23.844893501403515,,,,,-0.001372355475523791,-0.007504707609495842,-0.006132352133972051,12.033845208543552,9.105956785939012
1765390500,3.5892272175826974,3.59,3.588,3.5885,3.619,3.565,3.592,,,,,,,,,,,3.6010625000000074,3.6212236476629815,3.580901352337033,3.6010625000000074,3.6111430738314945,3.5909819261685203,3.6064365889543453,3.5999607470428283,3.537854101562494,3.5767976562499952,3.6113843750000085,3.6010625000000074,0.005155967010647483,21.857290542673994,23.296723793536923,,,,,-0.0011104867403270201,-0.007520460559380826,-0.006409973819053806,14.477141574131005,11.988505776999682
1765391400,3.588863608791349,3.596,3.588,3.592,3.619,3.565,3.592,,,,,,,,,,,3.599737500000008,3.618580585604112,3.5808944143959036,3.599737500000008,3.60915904280206,3.5903159571979555,3.6058704482110375,3.5992370427662075,3.537843164062494,3.577010156249995,3.611253125000009,3.599737500000008,0.005359112224172663,31.532671522548043,23.79854673432064,,,,,-0.0006063386093115219,-0.0071678970806932085,-0.006561558471381687,21.412584168655133,15.974523650443231
1765392300,3.590431804395674,3.594,3.59,3.5929999999999995,3.619,3.565,3.592,,,,,,,,,,,3.598562500000008,3.61595278105227,3.5811722189477457,3.598562500000008,3.607257640526139,3.589867359473877,3.605365724751781,3.5986700388783706,3.5378345703124943,3.5772257812499952,3.6111343750000082,3.598562500000008,0.005262032779588902,34.045376465786504,24.169463361356044,,,,,-0.00013492491602663977,-0.006730214616414987,-0.006595289700388347,31.003417776216182,22.297714506334106
1765393200,3.591715902197837,3.621,3.563,3.5935,3.619,3.565,3.592,,,,,,,,,,,3.5974375000000074,3.6129832992748936,3.581891700725121,3.5974375000000074,3.6052103996374503,3.5896646003625645,3.6049004022124955,3.5982000353439734,3.537826367187494,3.5774429687499953,3.610990625000009,3.5974375000000074,0.009029030438189683,35.32346097539035,24.858991374444365,,,,,0.0002596578703520135,-0.00627071736244833,-0.006530375232800344,43.05098691621182,31.822329620361046
1765394100,3.592607951098919,3.592607951098919,3.563,3.573,3.619,3.565,3.592,,,,,,,,,,,3.5953625000000073,3.6122640346965023,3.5784609653035124,3.5953625000000073,3.603813267348255,3.58691173265176,3.6036494060472997,3.595909123039976,3.537802929687494,3.5775960937499947,3.6105468750000087,3.5953625000000073,0.010562671121176133,19.03589543912814,24.45974306017768,,,,,-0.0007553629019165084,-0.0074745788601959795,-0.006719215958279471,37.17014826778058,37.074850986736195
1765395000,3.582803975549459,3.596,3.551,3.58075,3.619,3.565,3.592,,,,,,,,,,,3.5937000000000077,3.609442934926043,3.5779570650739725,3.5937000000000077,3.601571467463025,3.5858285325369903,3.6027513901238764,3.5945310209454324,3.5377863281249935,3.5777703124999953,3.6101906250000084,3.5937000000000077,0.013022480326806404,31.8327001846107,25.004857281598476,,,,,-0.0007961161823645362,-0.007714361186235141,-0.006918245003870605,37.442528735632116,39.22122130654151
1765395900,3.5817769877747296,3.596,3.563,3.5785000000000005,3.619,3.565,3.592,,,,,,,,,,,3.5922375000000075,3.6079222657006693,3.5765527342993457,3.5922375000000075,3.6000798828503386,3.5843951171496764,3.601800355217058,3.5930736554049387,3.5377679687499937,3.577937499999995,3.6097937500000086,3.5922375000000075,0.014449446017748798,30.333705833570292,25.249175513826774,,,,,-0.0008604432476944177,-0.007993799063488627,-0.007133355815794209,33.00903119868644,35.873902734033045
1765396800,3.580138493887365,3.580138493887365,3.544,3.5565,3.619,3.565,3.592,,3.565,,,,,,,,,3.589937500000007,3.6113669627815206,3.5685080372184936,3.589937500000007,3.600652231390764,3.57922276860925,3.6000238706987417,3.589748777640853,3.5377339843749938,3.578042187499995,3.609118750000009,3.589937500000007,0.015998663722721386,20.278558424560686,25.08581400328695,,,,,-0.0021946115098153097,-0.009876620203063347,-0.007682008693248037,32.67316017316043,34.374906702493
1765397700,3.5683192469436826,3.5683192469436826,3.534,3.5379999999999994,3.619,3.565,3.592,,,,,,,,,,,3.5866250000000073,3.6168551587838875,3.556394841216127,3.5866250000000073,3.6017400793919476,3.571509920608067,3.597591562043889,3.5850443433098667,3.537685546874993,3.578082812499994,3.608243750000009,3.5866250000000073,0.017307276809932916,15.596607602143635,24.692893290324616,,,,,-0.004026388541346867,-0.01271499436993162,-0.008688605828584753,20.039060556302015,28.573750642716302
1765398600,3.553159623471841,3.553159623471841,3.532,3.5349999999999997,3.619,3.565,3.592,,,,,,,,,,,3.583337500000007,3.6202665789907,3.546408421009314,3.583337500000007,3.6018020394953534,3.5648729605046605,3.5951369909833444,3.580494857554424,3.5376355468749936,3.5781234374999946,3.6073000000000084,3.583337500000007,0.01758244442864065,14.992120494039966,24.355466582915483,,,,,-0.005075681587285989,-0.01503320781269224,-0.00995752622540625,8.067417966681603,20.259879565381354
1765399500,3.5440798117359202,3.5440798117359202,3.532,3.5335,3.619,3.565,3.592,,,,,,,,,,,3.5800375000000066,3.6220459143369874,3.538029085663026,3.5800375000000066,3.601041707168497,3.5590332928315163,3.592719854082037,3.5762225977767494,3.537585546874994,3.5781718749999945,3.606325000000009,3.5800375000000066,0.017189399236303474,14.685638877527936,23.89680804361945,,,,,-0.00547222815417862,-0.016797811418129527,-0.011325583263950906,3.2179603082351207,10.44147961040625
1765400400,3.53878990586796,3.54,3.532,3.5359999999999996,3.619,3.565,3.592,,,,,,,,,,,3.5768875000000064,3.622064506044203,3.53171049395581,3.5768875000000064,3.599476003022105,3.554298996977908,3.5904955460788197,3.572565997978863,3.537537890624994,3.578228124999994,3.6054250000000088,3.5768875000000064,0.01653301357656751,17.70522258549356,23.451139645868743,,,,,-0.005171115277354796,-0.0177894773606444,-0.012618362083289605,3.18352059925067,4.822966291389135
1765401300,3.5373949529339797,3.546,3.5373949529339797,3.5439999999999996,3.619,3.565,3.592,,,,,,,,,,,3.5740875000000067,3.6201209864539785,3.528054013546035,3.5740875000000067,3.5971042432269926,3.551070756773021,3.5886721913306308,3.5699690890716935,3.5374964843749943,3.578307812499994,3.6045968750000092,3.5740875000000067,0.016066369749669848,26.651655475795096,23.8739550054201,,,,,-0.004085724642964361,-0.017725517886995057,-0.013639793244030696,6.554307116104565,4.318596007863455
1765402200,3.5406974764669896,3.546,3.5406974764669896,3.545,3.619,3.565,3.592,,,,,,,,,,,3.571587500000007,3.6182333130501276,3.524941686949886,3.571587500000007,3.5949104065250674,3.548264593474946,3.5869595563764882,3.567699171883358,3.5374609374999944,3.578389062499994,3.603768750000009,3.571587500000007,0.015297523591337014,27.70957614216786,24.398605754674062,,,,,-0.003003073328498607,-0.017393634904653954,-0.014390561576155347,10.861423220973421,6.866416978776218
1765403100,3.542848738233495,3.546,3.54,3.543,3.619,3.565,3.592,,,,,,,,,,,3.5690875000000064,3.616231766619784,3.5219432333802287,3.5690875000000064,3.5926596333098955,3.5455153666901174,3.585235652204861,3.5654537926212346,3.5374320312499945,3.5784593749999942,3.602893750000009,3.5690875000000064,0.014633414763384355,26.874701793142407,24.756992272564666,,,,,-0.0021635017174717677,-0.017094938722995057,-0.014931437005523289,13.48314606741558,10.299625468164521
1765404000,3.5429243691167476,3.5429243691167476,3.538,3.541,3.619,3.565,3.592,,,,,,,,,,,3.5665875000000065,3.6141199297203173,3.5190550702796957,3.5665875000000065,3.590353714860162,3.542821285139851,3.583500920745847,3.563230720564759,3.5374035156249946,3.578521874999994,3.601968750000009,3.5665875000000065,0.013945313708856924,26.030100459687347,24.363951482360328,,,,,-0.0015153684284543948,-0.016825647541091282,-0.015310279112636887,12.359550561797725,12.234706616728909
1765404900,3.5419621845583737,3.542,3.5419621845583737,3.542,3.619,3.565,3.592,,,,,,,,,,,3.5641125000000065,3.6113524394063794,3.5168725605936335,3.5641125000000065,3.5877324697031927,3.54049253029682,3.5818734336577744,3.5613006550588717,3.537373828124994,3.5785937499999947,3.6010375000000088,3.5641125000000065,0.013020648443938564,27.26102094012495,23.87935465909879,,,,,-0.0008262943662668623,-0.016343147070470465,-0.015516852704203603,11.235955056179705,12.35955056179767
1765411200,3.541981092279187,3.541981092279187,3.526,3.527,3.627,3.532,3.5795,,3.532,,,,,,,,,3.5608375000000065,3.608827153834108,3.512847846165905,3.5608375000000065,3.584832326917057,3.536842673082956,3.579721534298646,3.558182413689883,3.537332421874994,3.5786218749999947,3.5999125000000083,3.5608375000000065,0.013233459269371525,21.48544535885405,22.89092497220334,,,,,-0.001166881150671234,-0.016975454142542645,-0.01580857299187141,7.592295345104375,10.395933654360602
1765412100,3.5344905461395935,3.5344905461395935,3.53,3.5309999999999997,3.627,3.532,3.5795,,,,,,,,,,,3.5579625000000066,3.6058682081683617,3.5100567918316514,3.5579625000000066,3.581915354084184,3.534009645915829,3.5778108858947775,3.555711285172621,3.5372933593749942,3.5786593749999946,3.598862500000009,3.5579625000000066,0.012823251188673081,25.98848592748608,23.38753857851462,,,,,-0.0009197901131288364,-0.01695831063328246,-0.016038520520153622,6.602461209202801,8.476903870162294
1765413000,3.5327452730697964,3.5327452730697964,3.53,3.5309999999999997,3.627,3.532,3.5795,,,,,,,,,,,3.555112500000006,3.6023079645609735,3.5079170354390388,3.555112500000006,3.57871023228049,3.531514767719522,3.575975164879296,3.553464804702383,3.537252734374994,3.578692187499995,3.597787500000009,3.555112500000006,0.012103395608753328,25.98848592748608,22.970094703005717,,,,,-0.0005704811900365467,-0.016751622007699307,-0.01618114081766276,5.2380952380952746,6.47761726413415
1765413900,3.531872636534898,3.534,3.531872636534898,3.5329999999999995,3.627,3.532,3.5795,,,3.532,,,,,,,,3.5523375000000064,3.5978507604316836,3.506824239568329,3.5523375000000064,3.5750941302158448,3.529580869784168,3.5742898642957943,3.551604367911257,3.5372152343749947,3.5787328124999944,3.596793750000009,3.5523375000000064,0.011453153065270958,28.370726439026583,22.82988188910974,,,,,-0.00004647985786165182,-0.016239240639989827,-0.016192760782128175,9.071838721625996,6.970798389641357
1765414800,3.5324363182674485,3.534,3.532,3.533,3.627,3.532,3.5795,,,,,,,,,,,3.5493875000000066,3.591776317807502,3.506998682192511,3.5493875000000066,3.5705819089037543,3.528193091096259,3.572670653931253,3.5499130617375068,3.5371781249999947,3.578771874999995,3.5957875000000095,3.5493875000000066,0.010777927846323017,28.370726439027152,23.407893890143054,,,,,0.00043201688563102025,-0.0156527396750894,-0.01608475656072042,12.20453202637905,8.838155328700108
1765415700,3.532718159133724,3.54,3.532718159133724,3.5375,3.627,3.532,3.5795,,,,,,,,,,,3.5466125000000064,3.584213854697872,3.5090111453021406,3.5466125000000064,3.5654131773489395,3.5278118226510733,3.571291412600616,3.5487846015795514,3.537146874999995,3.5788265624999953,3.594837500000009,3.5466125000000064,0.010528207347748232,33.92084997588405,24.71676834541023,,,,,0.0011431034778449645,-0.014655877213414215,-0.01579898069125918,23.93766829362819,15.071346347211078
1765416600,3.535109079566862,3.542,3.535109079566862,3.541,3.627,3.532,3.5795,,,,,,,,,,,3.5439875000000063,3.5748567707253973,3.5131182292746153,3.5439875000000063,3.5594221353627016,3.528552864637311,3.5701035140672586,3.548076910526865,3.537122656249995,3.5788828124999954,3.5939625000000097,3.5439875000000063,0.010268401139561787,37.94808962278954,26.3564804260352,,,,,0.0018962735191746741,-0.013428638792290837,-0.015324912311465511,44.62773433390702,26.923311551304753
1765417500,3.538054539783431,3.542,3.538,3.5404999999999998,3.627,3.532,3.5795,,,,,,,,,,,3.5423625000000065,3.570227116902343,3.51449788309767,3.5423625000000065,3.5562948084511747,3.5284301915488383,3.568942591946974,3.547388100478968,3.5370999999999944,3.5789437499999948,3.5930937500000097,3.5423625000000065,0.009820658201021659,37.59558363355043,27.992905051465378,,,,,0.002376745586799985,-0.01235398032796553,-0.014730725914765515,63.28075531486822,43.94871931413448
1765418400,3.5392772698917154,3.542,3.538,3.54,3.627,3.532,3.5795,,,,,,,,,,,3.5403250000000064,3.561917301871891,3.518732698128122,3.5403250000000064,3.551121150935949,3.529528849064064,3.56780758834121,3.54671645498088,3.5370789062499943,3.578996874999995,3.5922312500000104,3.5403250000000064,0.009404896900948683,37.223213254839344,29.387047242132933,,,,,0.0026556916238588153,-0.011411111384941997,-0.014066803008800812,72.50000000000045,60.13616321625857
1765419300,3.5396386349458577,3.542,3.5396386349458577,3.5409999999999995,3.627,3.532,3.5795,,,,,,,,,,,3.538450000000006,3.551130299686428,3.525769700313584,3.538450000000006,3.544790149843217,3.532109850156795,3.566756310367045,3.5461967772553455,3.537055859374995,3.579056249999995,3.59136875000001,3.538450000000006,0.00890178748331964,38.534460746590256,30.235819047189732,,,,,0.00288337587429224,-0.010462583165935513,-0.013345959040227753,72.49999999999972,69.42691843828946
1765420200,3.5403193174729286,3.5403193174729286,3.538,3.5389999999999997,3.627,3.532,3.5795,,,,,,,,,,,3.537575000000006,3.547199318164453,3.5279506818355593,3.537575000000006,3.54238715908223,3.5327628409177825,3.565667827607553,3.545542524777587,3.537027343749995,3.579112499999995,3.590468750000009,3.537575000000006,0.008480231234511072,36.875492416154124,30.890527352474464,,,,,0.002868969857018941,-0.009759746718954077,-0.012628716575973017,69.99999999999963,71.6666666666666
1765421100,3.539659658736464,3.54,3.536,3.5389999999999997,3.627,3.532,3.5795,,,,,,,,,,,3.5376250000000065,3.547268002650512,3.527981997349501,3.5376250000000065,3.542446501325259,3.532803498674754,3.5646220304464724,3.544947749797806,3.536999218749995,3.5791703124999956,3.5895687500000095,3.5376250000000065,0.00816021471776028,36.875492416154124,31.604869539832443,,,,,0.002824677902243467,-0.009097869198168684,-0.011922547100412151,72.27077222263128,71.59025740754355
1765422000,3.539329829368232,3.54,3.534,3.537,3.627,3.532,3.5795,,,,,,,,,,,3.5377250000000062,3.547298270085012,3.5281517299150003,3.5377250000000062,3.5425116350425094,3.532938364957503,3.5635388135662187,3.5442252270889147,3.536969921874995,3.579217187499995,3.5886562500000094,3.5377250000000062,0.008005913666491705,35.12187108021959,32.25428172701332,,,,,0.0026299025383390087,-0.00863516892748839,-0.011265071465827399,70.18743888929873,70.81940370397655
1765422900,3.538164914684116,3.538164914684116,3.532,3.5345,3.627,3.532,3.5795,,,,,,,,,,,3.537775000000006,3.5472696037370905,3.5282803962629217,3.537775000000006,3.5425223018685483,3.533027698131464,3.5624000365636217,3.543341115535377,3.5369390624999952,3.5792562499999954,3.58771875000001,3.537775000000006,0.007874413739179159,33.008761959178216,32.66483465694569,,,,,0.0023131146235986725,-0.008373678186329059,-0.010686792809927731,66.22910555596593,69.56243888929865
1765423800,3.5363324573420583,3.5363324573420583,3.528,3.532,3.627,3.532,3.5795,,,,,,,,,,,3.537575000000006,3.547374362230662,3.5277756377693503,3.537575000000006,3.5424746811153343,3.532675318884678,3.561207878267009,3.542310105032161,3.536905468749995,3.579282812499995,3.5867312500000095,3.537575000000006,0.007907131139384807,31.000164269937102,33.344457436308765,,,,,0.0019311860956062483,-0.008272810190419921,-0.01020399628602617,50.14880952381025,62.18845132302497
1765424700,3.534166228671029,3.534166228671029,3.526,3.5265,3.627,3.532,3.5795,,3.532,,,,,,,,,3.5367000000000055,3.5471517941115285,3.5262482058884825,3.5367000000000055,3.541925897055767,3.531474102944244,3.559846785001636,3.54087282275651,3.536871093749995,3.5792937499999953,3.58567500000001,3.5367000000000055,0.007925638105930844,27.094049441806447,33.42342625876022,,,,,0.0013325954625517129,-0.008538251957836529,-0.009870847420388242,28.273809523810367,48.21724153452885
1765425600,3.5303331143355146,3.5303331143355146,3.524,3.526,3.627,3.532,3.5795,,,,,,,,,,,3.535750000000006,3.546462142648865,3.5250378573511467,3.535750000000006,3.5411060713244353,3.5303939286755766,3.558519460099611,3.5395207479604633,3.536837499999995,3.579290624999995,3.5846125000000093,3.535750000000006,0.007811886408043965,26.7638911085716,33.47881234312347,,,,,0.0009456353940680458,-0.008688803177803184,-0.00963443857187123,14.269179894180025,30.897266313933553
1765426500,3.528166557167757,3.528166557167757,3.526,3.5275000000000003,3.627,3.532,3.5795,,,,,,,,,,,3.5349750000000055,3.5457196498380785,3.5242303501619325,3.5349750000000055,3.540347324919042,3.529602675080969,3.55730301068394,3.5384279526913303,3.536803124999995,3.579290624999996,3.5835937500000092,3.5349750000000055,0.007408648605166336,29.537912390257844,33.56218276821142,,,,,0.0008370863829933496,-0.008588080593129543,-0.009425166976122893,11.226851851852425,17.923280423280943
1765427400,3.527833278583879,3.53,3.527833278583879,3.53,3.627,3.532,3.5795,,,,,,,,,,,3.534425000000006,3.5450045793931473,3.5238454206068646,3.534425000000006,3.5397147896965766,3.5291352103034352,3.556232304382609,3.5376617751739365,3.536771679687495,3.5792937499999957,3.5826187500000097,3.534425000000006,0.007058030847654419,34.02338287852005,33.96594394246092,,,,,0.0009706401221389466,-0.00821186682344921,-0.009182506945588156,21.296296296296248,15.597442680776233
1765428300,3.528916639291939,3.53,3.528,3.529,3.627,3.532,3.5795,,,,,,,,,,,3.5337750000000065,3.544004736072309,3.523545263927704,3.5337750000000065,3.538889868036158,3.5286601319638553,3.5551643708774088,3.536874341067215,3.536740039062495,3.579296874999995,3.581631250000009,3.5337750000000065,0.006696742929964801,33.11529922926948,33.90840460341702,,,,,0.0010233639585791494,-0.00790330199736422,-0.00892666595594337,26.85185185185208,19.791666666666917
1765429200,3.5289583196459695,3.53,3.528,3.529,3.627,3.532,3.5795,,,,,,,,,,,3.5338750000000063,3.543874374986184,3.5238756250138286,3.5338750000000063,3.538874687493095,3.5288753125069174,3.5541383171175105,3.5361584918792865,3.5367087890624944,3.5793062499999957,3.580631250000009,3.5338750000000063,0.006361261292110156,33.11529922926947,33.56320528959415,,,,,0.0010841465176617236,-0.0075714828088662145,-0.008655629326527938,29.629629629629175,25.925925925925835
1765430100,3.5289791598229847,3.53,3.528,3.5294999999999996,3.627,3.532,3.5795,,,,,,,,,,,3.5338000000000065,3.5439064335999135,3.5236935664000995,3.5338000000000065,3.53885321679996,3.528746783200053,3.5531721086030985,3.535553174435715,3.5366759765624947,3.579324999999995,3.579637500000009,3.5338000000000065,0.006049742628387986,34.1346987314643,33.31599922515942,,,,,0.0011762316484827482,-0.007185339765924503,-0.008361571414407252,28.703703703702928,28.395061728394726
1765431000,3.529239579911492,3.53,3.529239579911492,3.53,3.627,3.532,3.5795,,,,,,,,,,,3.533750000000006,3.543921037318065,3.523578962681947,3.533750000000006,3.5388355186590355,3.528664481340977,3.5522633984618004,3.5350483403961044,3.5366408203124946,3.5793374999999954,3.5786250000000086,3.533750000000006,0.005671933875539389,35.19832376910952,33.17136426189301,,,,,0.0012804285002623837,-0.006761035789079273,-0.008041464289341656,30.555555555554594,29.629629629628898
1765431900,3.529619789955746,3.532,3.529619789955746,3.532,3.627,3.532,3.5795,,,,,,,,,,,3.533700000000006,3.543895096867146,3.523504903132866,3.533700000000006,3.5387975484335756,3.528602451566436,3.551468755384867,3.534771218541913,3.5366052734374946,3.5793499999999954,3.577625000000009,3.533700000000006,0.005436810744733292,39.41292536968106,33.234111734970924,,,,,0.0014795627131185957,-0.006192010897943412,-0.0076715736110620075,37.63684896395624,32.29870274107125
1765432800,3.530809894977873,3.532,3.53,3.5309999999999997,3.627,3.532,3.5795,,3.532,,,,,,,,,3.533600000000006,3.5438596296287397,3.5233403703712725,3.533600000000006,3.538729814814373,3.5284701851856393,3.5506660590952643,3.534428380492648,3.536568164062495,3.579356249999995,3.5765562500000088,3.533600000000006,0.005191324262966644,38.07935908926807,33.32010221162192,,,,,0.0015329376660027424,-0.005755401528558579,-0.0072883391945613215,42.034997112104286,36.74246721053837
1765433700,3.5309049474889362,3.532,3.53,3.5315,3.627,3.532,3.5795,,,,,,,,,,,3.5333000000000063,3.5434360741964763,3.5231639258035363,3.5333000000000063,3.538368037098241,3.5282319629017715,3.5499144489346657,3.5341621640842256,3.536533007812495,3.5793609374999953,3.575437500000008,3.5333000000000063,0.004963372529897613,39.187320819150365,33.485232811835935,,,,,0.0015843881560389673,-0.005307853999512613,-0.00689224215555158,46.5488860009931,42.073577359017875
1765434600,3.531202473744468,3.532,3.53,3.5309999999999997,3.627,3.532,3.5795,,,,,,,,,,,3.5328000000000066,3.542336246646688,3.523263753353325,3.5328000000000066,3.5375681233233474,3.528031876676666,3.5491727058391884,3.5338746946220234,3.5364974609374955,3.5793609374999953,3.5742875000000085,3.5328000000000066,0.004751703063476371,38.44647049276833,33.722704198446564,,,,,0.0015645065054249799,-0.004936609023770355,-0.006501115529195335,46.68095872760822,45.088280613568536
1765435500,3.531101236872234,3.531101236872234,3.528,3.529,3.627,3.532,3.5795,,,,,,,,,,,3.5322250000000066,3.54120539531973,3.523244604680283,3.5322250000000066,3.536715197659868,3.527734802340145,3.5483816193356907,3.5334315405654757,3.5364599609374956,3.579356249999995,3.5731000000000086,3.5322250000000066,0.004633812621244763,35.551232677275365,33.90430924973922,,,,,0.00140166515744416,-0.004749034082390136,-0.006150699239834296,45.612098791095555,46.28064783989896
1765436400,3.5300506184361167,3.532,3.528,3.5300000000000002,3.627,3.532,3.5795,,,,,,,,,,,3.5317250000000064,3.5400043417672737,3.523445658232739,3.5317250000000064,3.53586467088364,3.527585329116373,3.547660771518605,3.5331195823322505,3.5364259765624957,3.579357812499995,3.5719250000000082,3.5317250000000064,0.0045885402911558515,38.062739967502765,34.40877894242248,,,,,0.0013460141663180509,-0.004468181531936732,-0.005814195698254783,49.660077480818984,47.317711666507584
1765437300,3.5300253092180585,3.5300253092180585,3.528,3.529,3.627,3.532,3.5795,,,,,,,,,,,3.5311250000000065,3.5382935075230257,3.5239564924769873,3.5311250000000065,3.534709253761516,3.527540746238497,3.546928976557091,3.5327450748475004,3.5363931640624955,3.579353124999996,3.5707375000000083,3.5311250000000065,0.004405452357363179,36.52970969085512,35.08275467449739,,,,,0.0012297621649685524,-0.004276992992044093,-0.005506755157012645,54.020785419875914,49.76432056393015
1765438200,3.529512654609029,3.532,3.528,3.5305,3.627,3.532,3.5795,,,,,,,,,,,3.5307000000000066,3.5368919302404667,3.5245080697595466,3.5307000000000066,3.5337959651202366,3.5276040348797766,3.546284702966617,3.5325409771340914,3.536359765624995,3.5793546874999955,3.5695812500000086,3.5307000000000066,0.004376491474694381,40.406945982351814,36.05725859405312,,,,,0.0012383620292707159,-0.003958802620424251,-0.005197164649694967,65.50631202305594,56.39572497458361
1765439100,3.5300063273045144,3.536,3.5300063273045144,3.534,3.627,3.532,3.5795,,,3.532,,,,,,,,3.5304500000000067,3.5355968437015957,3.525303156298418,3.5304500000000067,3.5330234218508014,3.527876578149212,3.5458029499091026,3.5326736155764467,3.536332617187495,3.579349999999996,3.5684500000000083,3.5304500000000067,0.004492004419036616,48.337264818723675,37.40006948180068,,,,,0.0014495786551597988,-0.0033851913307452186,-0.004834769985905017,71.00345608682771,63.510184509919846
1765440000,3.532003163652257,3.54,3.532,3.536,3.627,3.532,3.5795,,,,,,,,,,,3.5304000000000073,3.5353050993954707,3.525494900604544,3.5304000000000073,3.532852549697739,3.5279474503022756,3.5454185205009026,3.532976014160406,3.5363056640624952,3.5793421874999956,3.5673687500000084,3.5304000000000073,0.004742575531962572,52.24779024432828,38.70181286507269,,,,,0.0016776888386228518,-0.0027376589376264526,-0.0044153477762493044,72.39234497571705,69.63403769520023
1765440900,3.5340015818261286,3.5340015818261286,3.532,3.533,3.627,3.532,3.5795,,,,,,,,,,,3.530325000000007,3.535018346363431,3.5256316536365833,3.530325000000007,3.532671673181719,3.527978326818295,3.5449315196969455,3.532978194691278,3.536276367187495,3.579332031249996,3.5662500000000086,3.530325000000007,0.004689534422536674,46.55529421138907,39.66181250665266,,,,,0.00158151755262628,-0.0024384508354664547,-0.004019968388092735,61.28123386460563,68.22567830905012
1765441800,3.533500790913064,3.533500790913064,3.528,3.53,3.627,3.532,3.5795,,3.532,,,,,,,,,3.5302250000000064,3.534856144578847,3.5255938554211657,3.5302250000000064,3.532540572289427,3.527909427710586,3.5443459699049082,3.532707449719344,3.5362521484374954,3.579305468749996,3.5650750000000087,3.5302250000000064,0.004747481314717196,41.66645207002675,40.27260913813533,,,,,0.0012835297832651119,-0.002415556159011345,-0.003699085942276457,41.66666666666575,58.44674850232948
1765442700,3.531750395456532,3.531750395456532,3.524,3.527,3.627,3.532,3.5795,,,,,,,,,,,3.5302500000000068,3.534805216800207,3.5256947831998064,3.5302500000000068,3.5325276084001067,3.527972391599907,3.54366573579099,3.532188590653949,3.5362251953124955,3.579270312499996,3.5638375000000098,3.5302500000000068,0.00496197518198969,37.43316105415413,40.50821358975603,,,,,0.0008717429392301477,-0.0026094072682387726,-0.00348115020746892,25.69444444444376,42.8807816585717
1765443600,3.529375197728266,3.54,3.528,3.533,3.627,3.532,3.5795,,,3.532,,,,,,,,3.530600000000006,3.534861455164267,3.526338544835745,3.530600000000006,3.5327307275821362,3.5284692724178757,3.543247471642324,3.5322623551399537,3.536203710937496,3.5792437499999954,3.5627000000000093,3.530600000000006,0.005536119811847562,48.66646382607411,41.470223593824926,,,,,0.0009825876825192655,-0.0022529156043198384,-0.003235503286839104,30.555555555554935,32.63888888888815
1765444500,3.531187598864133,3.538,3.531187598864133,3.537,3.627,3.532,3.5795,,,,,,,,,,,3.531075000000006,3.5359255154480485,3.526224484551964,3.531075000000006,3.5335002577240275,3.528649742275985,3.54300247275439,3.5326930501272304,3.536185742187496,3.579231249999996,3.561606250000009,3.531075000000006,0.005627282763563221,54.52787186018821,42.54986262886115,,,,,0.001285322271359953,-0.001628850447639163,-0.002914172718999116,52.083333333333094,36.111111111110596
1765445400,3.5340937994320667,3.5340937994320667,3.532,3.5329999999999995,3.627,3.532,3.5795,,,,,,,,,,,3.5312250000000063,3.53611861830386,3.5263313816961523,3.5312250000000063,3.5336718091519335,3.528778190848079,3.5426102189208843,3.5327209546611185,3.536160742187495,3.5792124999999957,3.560487500000009,3.5312250000000063,0.005582476851880127,48.5570054808801,43.29826594254773,,,,,0.0011789890304842892,-0.0014404364308937545,-0.0026194254613780437,64.58333333333171,49.074074074073245
1765446300,3.533546899716033,3.536,3.533546899716033,3.5349999999999997,3.627,3.532,3.5795,,,,,,,,,,,3.531525000000007,3.5365695515254574,3.5264804484745564,3.531525000000007,3.534047275762732,3.529002724237282,3.5423117789632026,3.5329281406010167,3.5361408203124953,3.579203906249996,3.5593500000000082,3.531525000000007,0.005398014219603015,51.421310640597845,44.17212235836541,,,,,0.001202052991518156,-0.0011168592219803486,-0.0023189122134985047,68.74999999999791,61.805555555554236
1765447200,3.5342734498580164,3.5342734498580164,3.532,3.5329999999999995,3.627,3.532,3.5795,,,,,,,,,,,3.5317250000000073,3.536669441331567,3.5267805586684475,3.5317250000000073,3.5341972206657872,3.5292527793342274,3.541946611160724,3.5329346732736515,3.5361230468749953,3.5791710937499963,3.558193750000009,3.5317250000000073,0.005226727489631348,48.51239931863397,44.89111727449866,,,,,0.0010470011837310903,-0.0010101607338346419,-0.0020571619175657322,60.416666666663666,64.58333333333108
1765448100,3.533636724929008,3.538,3.533636724929008,3.5359999999999996,3.627,3.532,3.5795,,,,,,,,,,,3.5320500000000075,3.5372162365486677,3.5268837634513472,3.5320500000000075,3.5346331182743373,3.5294668817256776,3.5417134107230486,3.533213339339683,3.536103906249995,3.579144531249996,3.557100000000009,3.5320500000000075,0.005210532668943418,52.823507592451456,46.124851197011246,,,,,0.0011051399263020667,-0.0006757370096881488,-0.0017808769359902155,66.6666666666639,65.27777777777516
1765449000,3.5348183624645038,3.542,3.5348183624645038,3.5389999999999997,3.627,3.532,3.5795,,,,,,,,,,,3.5325000000000073,3.538390670596693,3.5266093294033216,3.5325000000000073,3.53544533529835,3.5295546647016645,3.5416070024593997,3.5337393993997117,3.5360882812499943,3.579121093749996,3.5560562500000095,3.5325000000000073,0.0053513258736971785,56.72563679658793,47.45791525623161,,,,,0.0012913358092561547,-0.00016670717442002214,-0.0014580429836761769,71.52777777777543,66.203703703701
1765449900,3.536909181232252,3.542,3.536909181232252,3.542,3.627,3.532,3.5795,,,,,,,,,,,3.5330000000000075,3.540190271209862,3.525809728790153,3.5330000000000075,3.536595135604935,3.52940486439508,3.5416224141276587,3.534490363090647,3.5360757812499948,3.579114843749996,3.555025000000009,3.5330000000000075,0.005332718223272227,60.2650656034849,49.15329782141945,,,,,0.001545091515544818,0.0004733214107548456,-0.0010717701047899724,86.1111111111099,74.76851851851642
1765450800,3.539454590616126,3.54,3.536,3.5385,3.627,3.532,3.5795,,,,,,,,,,,3.533375000000008,3.540884161076089,3.525865838923927,3.533375000000008,3.5371295805380485,3.5296204194619674,3.5414999665148095,3.5348548755369515,3.5360546874999947,3.579091406249996,3.554025000000009,3.533375000000008,0.005380381207324195,54.64918743791769,50.1706007825313,,,,,0.0014095537258947666,0.000690172052578486,-0.0007193816733162806,87.96296296296292,81.86728395061608
1765451700,3.538977295308063,3.538977295308063,3.536,3.537,3.627,3.532,3.5795,,,,,,,,,,,3.5336500000000077,3.5412664296141743,3.526033570385841,3.5336500000000077,3.537458214807091,3.5298417851929242,3.541323497239719,3.535049886851774,3.536026171874995,3.579044531249996,3.55303125000001,3.5336500000000077,0.0052087322145198175,52.395697775265305,50.460488850855704,,,,,0.0011615420993280816,0.0007325459508438215,-0.00042899614848426016,84.25925925925958,86.1111111111108
1765452600,3.537988647654031,3.537988647654031,3.534,3.5355,3.627,3.532,3.5795,,,,,,,,,,,3.5338750000000076,3.5414306270470974,3.526319372952918,3.5338750000000076,3.5376528135235525,3.5300971864764628,3.5410951247989457,3.5350908062288857,3.5359874999999947,3.5789820312499954,3.5520250000000098,3.5338750000000076,0.0051215833173420735,50.16786708825095,50.31192291113589,,,,,0.0008533878406469406,0.0006377386523244155,-0.00021564918832252502,72.2222222222225,81.48148148148165
1765453500,3.5367443238270155,3.538,3.536,3.5364999999999998,3.627,3.532,3.5795,,,,,,,,,,,3.534250000000007,3.5415404046585057,3.5269595953415087,3.534250000000007,3.5378952023292563,3.530604797670758,3.540914923826438,3.5352189147535324,3.5359492187499946,3.578907031249996,3.55105000000001,3.534250000000007,0.00493432736610335,51.644016106261425,50.675403046483915,,,,,0.0006812904167858977,0.0006359638326598471,-0.00004532658412605058,68.51851851851835,75.00000000000014
1765454400,3.536622161913508,3.536622161913508,3.532,3.534,3.627,3.532,3.5795,,,,,,,,,,,3.5344500000000068,3.54147780193897,3.5274221980610436,3.5344500000000068,3.5379639009694883,3.530936099030525,3.5406437503430483,3.535108104321393,3.5359078124999948,3.5788320312499957,3.5500500000000095,3.5344500000000068,0.0049120298337751,47.82948531175493,51.115619706607355,,,,,0.00037857779043514106,0.00042789565391787576,0.0000493178634827347,62.96296296296251,67.90123456790111
1765455300,3.535311080956754,3.536,3.532,3.534,3.627,3.532,3.5795,,,,,,,,,,,3.534700000000007,3.5412757128958785,3.5281242871041356,3.534700000000007,3.5379878564479426,3.5314121435520716,3.5403832111139093,3.5350073675649027,3.5358648437499944,3.5787632812499957,3.54912812500001,3.534700000000007,0.004846884845648308,47.82948531175493,51.858214296435975,,,,,0.00016854808586480753,0.00026000297081374413,0.0000914548849489366,55.952380952380246,62.47795414462038
1765456200,3.5346555404783766,3.536,3.528,3.5315000000000003,3.627,3.532,3.5795,,3.532,,,,,,,,,3.534750000000007,3.5412114239989054,3.5282885760011085,3.534750000000007,3.5379807119994564,3.5315192880005575,3.540034849893756,3.5346885159680936,3.5358187499999945,3.5786835937499957,3.5482406250000103,3.534750000000007,0.0050721073566734306,44.05557673508009,51.52886521850784,,,,,-0.00013230796945529064,-0.00007393007687017672,0.00005837789258511393,41.137566137566445,53.350970017636406
1765457100,3.5330777702391885,3.5330777702391885,3.526,3.529,3.627,3.532,3.5795,,,,,,,,,,,3.534500000000006,3.5414282032389703,3.527571796761042,3.534500000000006,3.5379641016194885,3.531035898380524,3.539602110682236,3.5341713781528123,3.535766796874994,3.578586718749996,3.5473000000000097,3.534500000000006,0.005215368991138804,40.605233038384476,50.53439101695043,,,,,-0.0004740192936393928,-0.0005341462244641271,-0.00006012693082473429,28.869047619048345,41.986331569665026
1765458000,3.531038885119594,3.536,3.53,3.534,3.627,3.532,3.5795,,,3.532,,,,,,,,3.5344000000000064,3.541296375867983,3.52750362413203,3.5344000000000064,3.537848187933995,3.530951812066018,3.5393824200672466,3.5341557983207386,3.5357185546874943,3.5784937499999954,3.5464656250000104,3.5344000000000064,0.005342842634628898,49.178116206396396,50.578756068773025,,,,,-0.0003437119720979345,-0.0004897668959471524,-0.00014605492384921792,31.250000000001023,33.75220458553862
1765458900,3.532519442559797,3.534,3.53,3.532,3.627,3.532,3.5795,,,,,,,,,,,3.534350000000007,3.5413005395543373,3.5273994604456766,3.534350000000007,3.537825269777172,3.530874730222842,3.5390929133979427,3.533959816655217,3.5356707031249948,3.5783851562499955,3.54562187500001,3.534350000000007,0.005246925303583977,46.2994005780031,50.21290535001625,,,,,-0.00037032369066754636,-0.0006089595371836509,-0.00023863584651610454,35.41666666666736,31.845238095238926
1765459800,3.5322597212798987,3.545,3.522,3.5345,3.627,3.532,3.5795,,,,,,,,,,,3.5345750000000065,3.541232890064139,3.5279171099358737,3.5345750000000065,3.537903945032073,3.53124605496794,3.538912799147043,3.5340089242320154,3.5356273437499945,3.5782906249999953,3.5448156250000102,3.5345750000000065,0.006515002067613703,50.22187488919408,50.335010747913415,,,,,-0.00020587066351126793,-0.0004959741759051894,-0.0002901035123939215,47.28260869565279,37.98309178744041
1765460700,3.5333798606399496,3.5333798606399496,3.52,3.5225,3.627,3.532,3.5795,,3.532,,,,,,,,,3.534350000000007,3.5422119336101723,3.5264880663898417,3.534350000000007,3.5382809668050896,3.5304190331949243,3.538269159964806,3.532962658392741,3.535576953124994,3.578164062499995,3.5438468750000105,3.534350000000007,0.00708535906278415,36.45664210598812,49.16594892745174,,,,,-0.000855169759173411,-0.0013590657113606852,-0.0005038959521872742,33.94927536231939,38.88285024154653
1765461600,3.5279399303199748,3.5279399303199748,3.511,3.5175,3.627,3.532,3.5795,,,,,,,,,,,3.533575000000007,3.544337318527582,3.522812681472432,3.533575000000007,3.5389561592637944,3.5281938407362197,3.537454683103441,3.531556962175219,3.5355222656249943,3.578024999999996,3.54287812500001,3.533575000000007,0.007789257009726329,32.46395311386543,47.432971521542996,,,,,-0.0015318028373211751,-0.002418649498838743,-0.000886846661517568,27.82182438192676,36.351236146633
1765462500,3.5227199651599874,3.5227199651599874,3.505,3.5069999999999997,3.627,3.532,3.5795,,,,,,,,,,,3.532075000000007,3.54775069775438,3.516399302245634,3.532075000000007,3.539912848877193,3.5242371511228208,3.5362603818052665,3.529324511068381,3.535462890624994,3.5778445312499954,3.5418031250000097,3.532075000000007,0.008498593306173557,26.019432516319327,44.98685487245974,,,,,-0.002537603964583239,-0.004058851617246617,-0.0015212476526633779,11.37254901960758,24.38121625461793
1765463400,3.5148599825799938,3.5148599825799938,3.501,3.5025,3.627,3.532,3.5795,,,,,,,,,,,3.5305500000000065,3.550827820398358,3.510272179601655,3.5305500000000065,3.5406889101991825,3.5204110898008305,3.5349364452638836,3.5268859191530737,3.535402734374994,3.577655468749996,3.54069687500001,3.5305500000000065,0.008881549682875009,23.835582162975044,42.785883067106695,,,,,-0.0033083057952408568,-0.005656629896714449,-0.0023483241014735923,9.175579322637985,16.12331757472413
1765464300,3.5086799912899966,3.5086799912899966,3.501,3.5029999999999997,3.627,3.532,3.5795,,,,,,,,,,,3.5289500000000067,3.552376267310504,3.5055237326895092,3.5289500000000067,3.5406631336552556,3.5172368663447577,3.5336840356456922,3.52471447195734,3.5353421874999946,3.577460156249996,3.5395906250000104,3.5289500000000067,0.008795724083383704,24.592902213544164,40.799969098412326,,,,,-0.0035646218607322975,-0.006804101427388964,-0.003239479566656667,4.318181818181499,8.28877005347571
1765465200,3.5058399956449984,3.515,3.505,3.51,3.627,3.532,3.5795,,,,,,,,,,,3.527800000000007,3.552539442194311,3.5030605578057035,3.527800000000007,3.540169721097159,3.5154302789028553,3.5327552499340964,3.5233767926884907,3.5352871093749947,3.5772867187499955,3.53855937500001,3.527800000000007,0.009024600934570614,34.423664433943486,39.67538319453322,,,,,-0.0030621550731461684,-0.007067173408089378,-0.004005018334943209,9.46969696969675,7.654486036838766
1765466100,3.507919997822499,3.522,3.507919997822499,3.51875,3.627,3.532,3.5795,,,,,,,,,,,3.526937500000007,3.5516760705952075,3.5021989294048064,3.526937500000007,3.5393067852976072,3.5145682147024067,3.532206024446485,3.522956175171355,3.5352400390624945,3.577148437499995,3.53768750000001,3.526937500000007,0.009385701023351336,44.213948351091645,39.144664069163944,,,,,-0.0019917778501074247,-0.0064947406475774905,-0.004502962797470066,21.780303030302708,11.85606060606034
1765467000,3.5133349989112492,3.522,3.5133349989112492,3.5195,3.627,3.532,3.5795,,,,,,,,,,,3.5259625000000065,3.550255644611163,3.50166935538885,3.5259625000000065,3.5381090723055846,3.5138159276944285,3.531707748977995,3.5226419774285045,3.5351955078124946,3.5770078124999953,3.5368312500000103,3.5259625000000065,0.009334222456594139,44.972294421568776,38.94057900557923,,,,,-0.0011275579570523683,-0.005912410243785526,-0.004784852286733158,34.28030303030283,21.843434343434115
1765467900,3.5164174994556245,3.52,3.511,3.51775,3.627,3.532,3.5795,,,,,,,,,,,3.5247500000000067,3.548123596216557,3.5013764037834565,3.5247500000000067,3.536436798108282,3.5130632018917316,3.5311603862729757,3.5221972522077314,3.5351503906249944,3.576872656249995,3.53594687500001,3.5247500000000067,0.009310349423980263,43.486834031745104,38.63038962843567,,,,,-0.0005948315462272697,-0.005528391719517245,-0.004933560173289975,40.15151515151506,32.070707070706895
1765468800,3.5170837497278122,3.518,3.513,3.51525,3.627,3.532,3.5795,,,,,,,,,,,3.5235875000000063,3.5464163605742103,3.5007586394258023,3.5235875000000063,3.5350019302871085,3.512173069712904,3.5305364495563882,3.5215656838252105,3.535104101562495,3.576726562499995,3.5349875000000095,3.5235875000000063,0.00900246732226738,41.38386110516168,38.43955279772721,,,,,-0.0003443127331602628,-0.005363951089740304,-0.005019638356580041,37.500000000000036,37.310606060606
1765469700,3.516166874863906,3.518,3.515,3.5172499999999998,3.627,3.532,3.5795,,,,,,,,,,,3.5226000000000064,3.5447203526218036,3.500479647378209,3.5226000000000064,3.5336601763109052,3.5115398236891076,3.5300154123188827,3.5211733489320096,3.535058203124995,3.5765820312499956,3.53404062500001,3.5226000000000064,0.008573719656391114,43.728308700826446,38.66262963075878,,,,,0.00000415546030412689,-0.005014444031199883,-0.00501859949150401,35.79545454545452,37.81565656565656
1765470600,3.516708437431953,3.518,3.513,3.516,3.627,3.532,3.5795,,,,,,,,,,,3.5216250000000064,3.5430944550491716,3.5001555449508412,3.5216250000000064,3.532359727524589,3.510890272475424,3.5294657883063776,3.520703044483645,3.5350105468749944,3.576432812499996,3.5330718750000103,3.5216250000000064,0.008318453966648884,42.581967898128994,38.19147618016825,,,,,0.00018833227074694335,-0.00478318415307033,-0.004971516423817273,34.469696969697004,35.92171717171721
1765471500,3.5163542187159766,3.518,3.513,3.5155,3.627,3.532,3.5795,,,,,,,,,,,3.5205750000000067,3.541063472371048,3.5000865276289654,3.5205750000000067,3.5308192361855273,3.510330763814486,3.5289181103335783,3.520230040439677,3.534963671874995,3.5762843749999957,3.53235312500001,3.5205750000000067,0.00808142154045967,42.10647435480606,37.8919814499399,,,,,0.0003073135729461593,-0.004587374457634574,-0.004894688030580734,34.65909090909084,34.97474747474748
1765472400,3.515927109357988,3.515927109357988,3.509,3.5115,3.627,3.532,3.5795,,,,,,,,,,,3.519450000000007,3.5393281286865843,3.49957187131343,3.519450000000007,3.5293890643432957,3.5095109356567185,3.5282350471832418,3.5194364003997065,3.534914843749995,3.5761210937499954,3.5314875000000105,3.519450000000007,0.007998970670283132,38.41116310466546,37.04835917961642,,,,,0.00015513214399835457,-0.004700772850582791,-0.004855904994581145,33.15767281540821,34.095486898065374
1765473300,3.513713554678994,3.513713554678994,3.511,3.511,3.627,3.532,3.5795,,,,,,,,,,,3.518300000000006,3.5373207781151637,3.4992792218848487,3.518300000000006,3.527810389057585,3.5087896109424275,3.527559162979977,3.518669454908824,3.534866796874995,3.5759601562499954,3.530643750000011,3.518300000000006,0.007621440956619609,37.96267222377555,37.15593275945838,,,,,0.0000639770162621598,-0.004775933724253445,-0.004839910740515605,34.1672434116349,33.994669045378004
1765474200,3.5123567773394972,3.515,3.5123567773394972,3.5140000000000002,3.627,3.532,3.5795,,,,,,,,,,,3.5174250000000074,3.5355241021897035,3.4993258978103112,3.5174250000000074,3.5264745510948554,3.5083754489051593,3.5270274310984093,3.518244959008022,3.5348212890624944,3.575807031249995,3.5301125000000106,3.5174250000000074,0.007362766602575351,42.31475208616588,37.85956125747983,,,,,0.00023906650107302207,-0.004541077614174327,-0.004780144115247349,43.133317045742274,36.819411090928476
1765475100,3.5131783886697487,3.515,3.511,3.513,3.627,3.532,3.5795,,,,,,,,,,,3.516625000000007,3.534007102866992,3.499242897133022,3.516625000000007,3.5253160514335,3.507933948566514,3.526477335761217,3.5177681445527473,3.5347746093749945,3.5756476562499957,3.529800000000011,3.516625000000007,0.007122568988105683,41.27531642248771,38.949267250777574,,,,,0.00031603893471214475,-0.004385095446857168,-0.004701134381569313,51.37174812643809,42.89076952793844
1765476000,3.5130891943348743,3.515,3.509,3.5125,3.627,3.532,3.5795,,,,,,,,,,,3.515550000000007,3.53105935202017,3.500040647979844,3.515550000000007,3.5233046760100883,3.5077953239899253,3.5259292049470514,3.5172892223206795,3.5347242187499943,3.575503124999995,3.5295187500000105,3.515550000000007,0.007042385488955293,40.73649585012658,40.15647537128841,,,,,0.00035866699460672564,-0.004252800638310905,-0.004611467632917631,57.25250942054375,50.585858197574716
1765476900,3.5127945971674372,3.513,3.507,3.5095,3.627,3.532,3.5795,,,,,,,,,,,3.5144250000000072,3.5281609928682713,3.500689007131743,3.5144250000000072,3.5212929964341395,3.507557003565875,3.5252849224001084,3.5165811112006176,3.5346722656249945,3.5753578124999956,3.5292187500000103,3.5144250000000072,0.0069679293826013285,37.567632456229326,41.08324181719449,,,,,0.00021717239888391533,-0.004340002134312737,-0.004557174533196652,46.12511671335303,51.58312475344497
1765477800,3.511147298583719,3.515,3.511147298583719,3.5140000000000002,3.627,3.532,3.5795,,,,,,,,,,,3.513400000000007,3.5235936254632683,3.5032063745367457,3.513400000000007,3.518496812731638,3.508303187268376,3.5248423764236336,3.516346464727834,3.5346230468749953,3.5752281249999953,3.5289437500000105,3.513400000000007,0.006863077283844095,44.53708240347572,41.80562881501822,,,,,0.00044582816899185924,-0.003999889321956829,-0.004445717490948688,42.63305322129003,48.67022645172895
1765478700,3.5125736492918596,3.515,3.5125736492918596,3.5145,3.627,3.532,3.5795,,,,,,,,,,,3.5130000000000075,3.5223246983901717,3.503675301609843,3.5130000000000075,3.5176623491950894,3.5083376508049255,3.5244367930344715,3.5161786042980308,3.5345749999999945,3.5750953124999953,3.5285750000000107,3.5130000000000075,0.006546168242722415,45.26817236965109,41.880930530629605,,,,,0.0006382137162431094,-0.0036479503456448015,-0.004286164061887911,41.045751633987905,43.26797385621034
1765479600,3.5135368246459295,3.526,3.5135368246459295,3.5205,3.627,3.532,3.5795,,,,,,,,,,,3.5131500000000075,3.522848453488377,3.5034515465116383,3.5131500000000075,3.5179992267441924,3.5083007732558227,3.524282408993904,3.516571458452755,3.5345312499999944,3.574978124999995,3.5282687500000107,3.5131500000000075,0.00696881160781869,53.23452287729468,42.4710897060386,,,,,0.0011473231550310475,-0.002852010118099102,-0.0039993332731301495,55.90643274853912,46.5284125346057
1765480500,3.517018412322965,3.528,3.517018412322965,3.525,3.627,3.532,3.5795,,,,,,,,,,,3.514050000000007,3.524601777105397,3.5034982228946165,3.514050000000007,3.519325888552702,3.5087741114473117,3.5243105498176726,3.517337689502505,3.5344914062499946,3.574870312499995,3.5280437500000104,3.514050000000007,0.007255438469905581,58.15400418060541,43.518744716671485,,,,,0.0017299191577509572,-0.0018369343259414528,-0.00356685348369241,68.92230576441135,55.29149671564613
1765481400,3.5210092061614824,3.526,3.5210092061614824,3.526,3.627,3.532,3.5795,,,,,,,,,,,3.5152250000000067,3.5256027406059487,3.5048472593940647,3.5152250000000067,3.5204138703029777,3.5100361296970357,3.524376802765999,3.5181251722750044,3.534451562499995,3.5747640624999955,3.527856250000011,3.5152250000000067,0.0070936781390921405,59.1815994526997,44.790011741495626,,,,,0.0021007298108668047,-0.000940941220108904,-0.0030416710309757087,82.41436925647447,69.08103592314167
1765482300,3.523504603080741,3.528,3.523504603080741,3.527,3.627,3.532,3.5795,,,,,,,,,,,3.5164250000000066,3.526413868809322,3.506436131190691,3.5164250000000066,3.521419434404664,3.511430565595349,3.524479673245764,3.5189319747954584,3.534412499999995,3.5746671874999962,3.52766875000001,3.5164250000000066,0.006908086623389784,60.23325358666389,45.9689363761983,,,,,0.002314571014469961,-0.00014845726288825745,-0.0024630282773582183,90.47619047619008,80.60428849902532
1765483200,3.5252523015403705,3.528,3.5252523015403705,3.528,3.627,3.532,3.5795,,,,,,,,,,,3.5173250000000067,3.528052418146554,3.5065975818534594,3.5173250000000067,3.5226887090732806,3.511961290926733,3.5246177252753417,3.519756340723144,3.5343742187499947,3.5745664062499953,3.5276812500000103,3.5173250000000067,0.006610916040264051,61.30683717662892,47.30642703894829,,,,,0.002413541523341228,0.0005538986268183166,-0.0018596428965229114,95.23809523809503,89.37621832358654
1765484100,3.526626150770185,3.534,3.526626150770185,3.5305,3.627,3.532,3.5795,,,,,,,,,,,3.517912500000007,3.5300783076213462,3.505746692378668,3.517912500000007,3.5239954038106767,3.5118295961893375,3.5248484027155245,3.52073303702104,3.534339453124995,3.574478906249996,3.5276750000000106,3.517912500000007,0.0066654112680891026,63.92865680921447,48.865154357120325,,,,,0.0025255506549397163,0.001297295422151734,-0.0012282552327879822,94.09171075837774,93.26866549088764
1765485000,3.5285630753850925,3.5285630753850925,3.524,3.5250000000000004,3.627,3.532,3.5795,,,,,,,,,,,3.518187500000008,3.530727311603666,3.5056476883963494,3.518187500000008,3.524457405801837,3.5119175941981786,3.5248543477070724,3.5211209427464,3.5343025390624954,3.5743789062499958,3.5276000000000103,3.518187500000008,0.006653596177511306,55.08539623252344,50.05617100911018,,,,,0.002123562887549081,0.0014261983766483688,-0.0006973645109007119,84.5679012345686,91.29923574368047
1765485900,3.526781537692546,3.526781537692546,3.522,3.5244999999999997,3.627,3.532,3.5795,,,,,,,,,,,3.5185250000000075,3.531359426362986,3.505690573637029,3.5185250000000075,3.5249422131814967,3.512107786818518,3.5248404517185596,3.5214281297694545,3.534266992187496,3.574280468749996,3.5274937500000108,3.5185250000000075,0.006519877714299529,54.34935317530327,51.22664821993359,,,,,0.0017347329743809777,0.0014710517070755103,-0.00026368126730546746,72.83950617283999,83.83303938859545
1765486800,3.525640768846273,3.532,3.525640768846273,3.5300000000000002,3.627,3.532,3.5795,,,,,,,,,,,3.519262500000007,3.532927670144294,3.50559732985572,3.519262500000007,3.5260950850721504,3.5124299149278637,3.5250427869452827,3.522207390699504,3.5342357421874953,3.5741835937499964,3.527456250000011,3.519262500000007,0.006589886448992439,60.587779063384616,52.531864432592066,,,,,0.001753485431445775,0.0019281755220017516,0.00017469009055597642,72.22222222222304,76.54320987654388
1765487700,3.5278203844231366,3.534,3.5278203844231366,3.532,3.627,3.532,3.5795,,,,,,,,,,,3.5200000000000067,3.5347037410233746,3.5052962589766388,3.5200000000000067,3.5273518705116906,3.5126481294883227,3.5253156188297816,3.52309762790864,3.5342054687499953,3.574086718749996,3.5273875000000112,3.5200000000000067,0.006560581386697494,62.589806516551164,54.05432801073946,,,,,0.001799361215849655,0.0024238916103680452,0.0006245303945183903,80.86419753086471,75.30864197530927
1765488600,3.5299101922115685,3.538,3.5299101922115685,3.537,3.627,3.532,3.5795,,,,,,,,,,,3.521050000000007,3.537371458270371,3.504728541729643,3.521050000000007,3.5292107291351886,3.512889270864825,3.525773829856065,3.5243614799169456,3.5341779296874956,3.574005468749996,3.5273375000000113,3.521050000000007,0.006669811843964192,67.09055159292714,55.93676056379663,,,,,0.002047184375208287,0.003183510863528749,0.0011363264883204622,91.51732377538913,81.53458117615897
1765489500,3.5334550961057842,3.542,3.5334550961057842,3.5389999999999997,3.627,3.532,3.5795,,,,,,,,,,,3.522225000000007,3.54008969983177,3.5043603001682437,3.522225000000007,3.5311573499158886,3.513292650084125,3.5262925031950427,3.5256922544699507,3.534153124999996,3.5739242187499953,3.527318750000011,3.522225000000007,0.00680374699041072,68.7120489988348,58.161361745411305,,,,,0.00221247399854838,0.0039019189865059367,0.0016894449879575571,93.21438811452704,88.53196980692697
1765490400,3.536227548052892,3.545,3.536227548052892,3.5415,3.627,3.532,3.5795,,,,,,,,,,,3.523725000000007,3.5427367726707244,3.5047132273292894,3.523725000000007,3.5332308863353656,3.514219113664648,3.5268888756187664,3.52712932224541,3.5341296874999957,3.5738476562499955,3.5273375000000113,3.523725000000007,0.006944368773031936,70.65820239519125,60.027156030533845,,,,,0.0023442346013978353,0.004619738239704851,0.002275503638307016,92.08562701775058,92.2724463025556