time,open,high,low,close,Plot,Plot,Mid Price,Breakout Up,Breakout Down,Fake Breakout,Breakout midPrice Up,Breakout midPrice Down,VWAP,Upper Band #1,Lower Band #1,Upper Band #2,Lower Band #2,Basis,Upper,Lower,Basis,Upper,Lower,EMA,EMA,MA,MA,MA,MA,MA,ATR,RSI,RSI-based MA,Regular Bullish,Regular Bullish Label,Regular Bearish,Regular Bearish Label,Histogram,MACD,Signal,%K,%D
1763514000,111.19216232874892,111.19216232874892,111.07,111.1265,111.456,110.142,110.799,NaN,NaN,NaN,NaN,NaN,111.16294729680948,111.19485393190196,111.131040661717,111.22676056699444,111.09913402662451,110.90159999999955,111.54992785676042,110.25327214323868,110.90159999999955,111.22576392837998,110.57743607161912,110.68960973544749,110.9499484403385,108.0950326171873,109.8174765625013,110.04285750000017,110.42444062499969,110.90159999999955,0.18178984962102365,64.80098120698366,72.5278639925219,NaN,NaN,NaN,NaN,0.008803944308914902,0.19813070470780758,0.18932676039889268,68.3090866929126,72.57278945505867
1763517600,111.15933116437446,111.15933116437446,111,111.06425,111.456,110.142,110.799,NaN,NaN,NaN,NaN,NaN,111.14544717129367,111.19080855618981,111.10008578639753,111.23616994108595,111.05472440150139,110.93586249999956,111.54109153658412,110.330633463415,110.93586249999956,111.23847701829185,110.63324798170727,110.70430151052798,110.96033949121681,108.0978394531248,109.82009687500131,110.05606875000018,110.43719374999971,110.93586249999956,0.18018565781769796,60.35051005172796,71.98701785956771,NaN,NaN,NaN,NaN,-0.006087766340699158,0.18171705247301873,0.18780481881371788,60.8393254815447,67.32921049883012
1763521200,111.11179058218724,111.11179058218724,110.918,110.97200000000001,111.456,110.142,110.799,NaN,NaN,NaN,NaN,NaN,111.12073664451395,111.18911317482441,111.0523601142035,111.25748970513487,110.98398358389304,110.96672499999957,111.51006195561335,110.42338804438579,110.96672499999957,111.23839347780647,110.69505652219267,110.71479949050727,110.96139953746983,108.10057734374982,109.8224304687513,110.06839625000019,110.44853437499971,110.96672499999957,0.18115743812980764,54.38911251938457,71.03112083033685,NaN,NaN,NaN,NaN,-0.022701831475877177,0.1594275294688714,0.18212936094474858,52.39928909952628,60.51590042466117
1763524800,111.04189529109362,111.056,110.934,110.97449999999999,111.456,110.142,110.799,NaN,NaN,NaN,NaN,NaN,111.09795140042718,111.17778406216506,111.0181187386893,111.25761672390294,110.93828607695141,110.99448749999956,111.4763571262699,110.51261787372923,110.99448749999956,111.23542231313473,110.7535526868644,110.72498382421287,110.96259048860894,108.10334882812481,109.8249164062513,110.08092500000016,110.45903749999972,110.99448749999956,0.17693190683482138,54.52022491843354,69.83310540199642,NaN,NaN,NaN,NaN,-0.03342603257447582,0.1403468202266538,0.1737728528011296,46.396129541864376,53.211581374311756
1763528400,111.0081976455468,111.03,110.942,110.9895,111.456,110.142,110.799,NaN,NaN,NaN,NaN,NaN,111.07561903901193,111.15966582450055,110.9915722535233,111.24371260998917,110.90752546803468,111.01694999999957,111.45159780551667,110.58230219448247,111.01694999999957,111.23427390275812,110.79962609724102,110.73535700757706,110.96503680782631,108.10612402343732,109.8273773437513,110.09368875000018,110.46958749999972,111.01694999999957,0.17057962777519187,55.34957290101683,68.99280230971137,NaN,NaN,NaN,NaN,-0.03902249517073589,0.12499473383770976,0.16401722900844565,40.001717966845085,46.26571220274521
1763532000,110.9988488227734,111.092,110.9988488227734,111.049,111.456,110.142,110.799,NaN,NaN,NaN,NaN,NaN,111.0729492065168,111.15347191747504,110.99242649555855,111.2339946284333,110.9119037846003,111.03612499999956,111.43979567313878,110.63245432686034,111.03612499999956,111.23796033656916,110.83428966342996,110.74765673277012,110.97266982529665,108.10894082031231,109.83003984375132,110.10679500000019,110.48124687499971,111.03612499999956,0.16571679721982044,58.576407019133725,67.85539468066175,NaN,NaN,NaN,NaN,-0.03818278859768773,0.11628874326133598,0.1544715318590237,37.11801121565548,41.17195290812162
1763535600,111.0239244113867,111.146,111.0239244113867,111.11025000000001,111.456,110.142,110.799,NaN,NaN,NaN,NaN,NaN,111.07451607716176,111.15208217783767,110.99694997648585,111.22964827851358,110.91938387580994,111.05386249999955,111.4373209224233,110.67040407757581,111.05386249999955,111.24559171121142,110.86213328878769,110.76187607658306,110.98517711390605,108.1118150390623,109.83289687500132,110.12038750000018,110.49312499999971,111.05386249999955,0.16259956803364034,61.64897702202474,66.44435124451074,NaN,NaN,NaN,NaN,-0.033154327474272965,0.11302862251618251,0.14618294999045547,34.71266580787915,37.277464996793206
1763539200,111.06708720569335,111.2,111.067,111.136,111.456,110.142,110.799,NaN,NaN,NaN,NaN,NaN,111.07958030266467,111.15563564476172,111.00352496056762,111.23169098685877,110.92746961847057,111.07506249999956,111.42608660419454,110.72403839580458,111.07506249999956,111.25057455209705,110.89955044790207,110.77654760299157,110.99888828536913,108.1147150390623,109.83598437500132,110.13387500000017,110.50520937499971,111.07506249999956,0.1604853131740953,62.89504504974003,64.95640486421819,NaN,NaN,NaN,NaN,-0.027953998036350763,0.11124045244501701,0.13919445048136778,40.46529223281863,37.43198975211772
1763542800,111.10154360284668,111.414,111.10154360284668,111.267,111.456,110.142,110.799,NaN,NaN,NaN,NaN,NaN,111.0982053563754,111.1888657002009,111.0075450125499,111.27952604402641,110.91688466872439,111.10288749999957,111.42054743880297,110.78522756119617,111.10288749999957,111.26171746940126,110.94405753059787,110.79578103032523,111.02326207760831,108.11776386718732,109.83964296875133,110.14788250000016,110.51887187499969,111.10288749999957,0.17134039060118322,68.50199405495425,64.33120731618365,NaN,NaN,NaN,NaN,-0.01613803279797013,0.11902190948390512,0.13515994228187525,52.58529058060321,42.58774954043363
1763546400,111.18427180142334,111.592,111.18427180142334,111.49175,111.456,110.142,110.799,111.456,NaN,NaN,NaN,NaN,111.12413764520433,111.24784747365906,111.00042781674959,111.3715573021138,110.87671798829486,111.13809999999955,111.46413237547496,110.81206762452415,111.13809999999955,111.30111618773725,110.97508381226186,110.82307393109679,111.06585188873483,108.1210351562498,109.8442304687513,110.16325875000017,110.53529062499972,111.13809999999955,0.18822523402800323,75.37669895411271,64.31144079044164,NaN,NaN,NaN,NaN,0.005224760195254585,0.14169089252594347,0.13646613233068888,69.0492612526527,54.03328135535815
1763550000,111.33801090071167,111.612,111.33801090071167,111.531,111.456,110.142,110.799,NaN,NaN,NaN,NaN,NaN,111.1457876773873,111.29390641302096,110.99766894175364,111.44202514865462,110.84955020611999,111.17731249999956,111.49415591042622,110.8604690895729,111.17731249999956,111.33573420521289,111.01889079478623,110.85083573772044,111.10813808066803,108.1243390624998,109.84897812500131,110.17888000000018,110.5523718749997,111.17731249999956,0.19435122440374078,76.34759117419051,64.53419631496294,NaN,NaN,NaN,NaN,0.01960136203985613,0.16096783488050903,0.1413664728406529,81.27251541493861,67.63568908273147
1763553600,111.43450545035583,111.582,111.43450545035583,111.51724999999999,111.456,110.142,110.799,NaN,NaN,NaN,NaN,NaN,111.16251878928203,111.32613256190729,110.99890501665678,111.48974633453254,110.83529124403152,111.20648749999955,111.53547380174267,110.87750119825644,111.20648749999955,111.3709806508711,111.041994349128,110.87696963035886,111.14533007333456,108.12762187499979,109.8534679687513,110.19448000000017,110.5695187499997,111.20648749999955,0.19100431906377108,75.22852691748736,64.85151373652998,NaN,NaN,NaN,NaN,0.025418497741252516,0.17313959501721854,0.14772109727596602,86.6006350889495,78.97413725218024
1763557200,111.47587772517791,111.556,111.39,111.50075000000001,111.456,110.142,110.799,NaN,NaN,NaN,NaN,NaN,111.18244570947395,111.35872748158737,111.00616393736054,111.53500925370078,110.82988216524713,111.22048749999956,111.57365231524298,110.86732268475615,111.22048749999956,111.39706990762127,111.04390509237786,110.9014316056389,111.17764097575869,108.1308798828123,109.85785312500131,110.20946750000016,110.58681562499972,111.22048749999956,0.18921829627350148,73.83003901937971,64.99657133446325,NaN,NaN,NaN,NaN,0.025332349549191002,0.17938653421245476,0.15405418466326376,86.21517771373765,84.69610940587522
1763560800,111.48831386258897,111.82,111.485,111.65625,111.456,110.142,110.799,NaN,NaN,NaN,NaN,NaN,111.22445123089871,111.43971517184667,111.00918728995075,111.65497911279463,110.79392334900278,111.23523749999956,111.63256621999389,110.83790878000522,111.23523749999956,111.43390185999672,111.03657314000239,110.9310323269864,111.22115088705335,108.13424785156228,109.86288984375133,110.22443500000017,110.6053781249997,111.23523749999956,0.19963127511110806,77.98386555123624,65.69996759712899,NaN,NaN,NaN,NaN,0.032469554036699544,0.19464112720913818,0.16217157317243863,84.05430029542686,85.62337103270464
1763564400,111.57228193129448,111.82,111.496,111.6605,111.456,110.142,110.799,NaN,NaN,NaN,NaN,NaN,111.26082951744675,111.4994432973138,111.0222157375797,111.73805707718086,110.78360195771265,111.25457499999955,111.69303520613734,110.81611479386176,111.25457499999955,111.47380510306844,111.03534489693065,110.9596389023987,111.26109171550306,108.13760195312477,109.86782890625132,110.23921000000017,110.6239374999997,111.25457499999955,0.20851475546031448,78.08624324393917,66.64891488548294,NaN,NaN,NaN,NaN,0.03403364565728392,0.20471363024404354,0.17067998458675962,82.71090393639166,84.32679398185202
1763568000,111.61639096564724,111.61639096564724,111.43,111.49825,111.456,110.142,110.799,NaN,NaN,NaN,NaN,NaN,111.27868497915217,111.51775032641994,111.0396196318844,111.75681567368771,110.80055428461664,111.26691249999956,111.71803566136882,110.81578933863031,111.26691249999956,111.49247408068419,111.04135091931494,110.9807609062262,111.28265155954823,108.1407925781248,109.87196640625132,110.25316125000016,110.64075312499969,111.26691249999956,0.21008513007029145,65.55363398213646,67.02056659479784,NaN,NaN,NaN,NaN,0.021319415246337903,0.197329253644682,0.1760098383983441,76.16407982261673,80.97642801814506
1763571600,111.55732048282363,111.578,111.465,111.51425,111.456,110.142,110.799,NaN,NaN,NaN,NaN,NaN,111.29194303605176,111.53071429135075,111.05317178075278,111.76948554664973,110.81440052545379,111.28169999999955,111.74473762251192,110.81866237748717,111.28169999999955,111.51321881125574,111.05018118874335,111.0016820471585,111.30370596322567,108.1439773437498,109.87602109375132,110.26700625000016,110.65731249999969,111.28169999999955,0.20315047792241345,66.13091907455848,67.85926706302455,NaN,NaN,NaN,NaN,0.011649217486182584,0.19057136025607235,0.17892214276988977,70.71243737268124,76.52914037722985
1763575200,111.53578524141182,111.684,111.512,111.582,111.456,110.142,110.799,NaN,NaN,NaN,NaN,NaN,111.30308201986807,111.54417462240822,111.06198941732792,111.78526722494837,110.82089681478777,111.30152499999956,111.78008204711959,110.82296795287952,111.30152499999956,111.54080352355957,111.06224647643954,111.0244396139366,111.32900542111425,108.14723398437476,109.88060390625132,110.28141875000014,110.6743593749997,111.30152499999956,0.200925443785098,68.53551218011508,68.86035901028751,NaN,NaN,NaN,NaN,0.007669901344174279,0.18850951945010763,0.18083961810593335,67.57105914796493,71.48252544775427
1763578800,111.5588926207059,111.724,111.5588926207059,111.65549999999999,111.456,110.142,110.799,NaN,NaN,NaN,NaN,NaN,111.32329181531756,111.5707303718804,111.07585325875472,111.81816892844324,110.82841470219188,111.32337499999956,111.8241625670911,110.82258743290802,111.32337499999956,111.57376878354533,111.07298121645378,111.04918708005673,111.3586867464675,108.15055234374977,109.88565859375133,110.29678625000015,110.6929093749997,111.32337499999956,0.19836701060716952,70.94549726946292,69.97435360803367,NaN,NaN,NaN,NaN,0.007815592187729647,0.1906091083405954,0.18279351615286576,72.78368571829076,70.35572741297894
1763582400,111.60719631035295,111.736,111.60719631035295,111.68575000000001,111.456,110.142,110.799,NaN,NaN,NaN,NaN,NaN,111.33394503802302,111.58499397791304,111.08289609813299,111.83604291780307,110.83184715824297,111.34911249999955,111.86849483675257,110.82973016324652,111.34911249999955,111.60880366837605,111.08942133162304,111.07415033181921,111.3884197695159,108.15389960937478,109.89094375000131,110.31265250000015,110.71489687499971,111.34911249999955,0.19339820196716148,71.89945929868857,70.92600019943043,NaN,NaN,NaN,NaN,0.00776119286476043,0.1924950072338163,0.18473381436905587,78.6653700078695,73.00670495804168
1763586000,111.64647315517648,111.916,111.64647315517648,111.7765,111.456,110.142,110.799,NaN,NaN,NaN,NaN,NaN,111.35728582909552,111.62107283080648,111.09349882738455,111.88485983251745,110.82971182567358,111.38161249999955,111.92212499914892,110.84110000085018,111.38161249999955,111.65186874957423,111.11135625042486,111.1016934560616,111.423699790469,108.15761249999977,109.89679453125132,110.32767500000017,110.74008124999969,111.38161249999955,0.19883596217118685,74.5944214448063,71.85067480105769,NaN,NaN,NaN,NaN,0.011427511936708906,0.199018204289942,0.18759069235323308,82.22402537355505,77.8910270332384
1763589600,111.71148657758823,111.873,111.71148657758823,111.84700000000001,111.916,110.918,111.417,NaN,NaN,NaN,NaN,NaN,111.81049552586273,111.81049552586273,111.81049552586273,111.81049552586273,111.81049552586273,111.42074999999957,111.97680764074983,110.86469235924932,111.42074999999957,111.6987788203747,111.14272117962444,111.13092116366703,111.4621816276991,108.16166777343729,109.9029367187513,110.34197000000016,110.76371562499969,111.42074999999957,0.1961700664740858,76.48143885770361,72.82113150162652,NaN,NaN,NaN,NaN,0.01591535740869257,0.2074848891140988,0.19156953170540622,86.07767323592309,82.32235620578251
1763593200,111.77924328879412,111.911,111.77924328879412,111.84675,111.916,110.918,111.417,NaN,NaN,NaN,NaN,NaN,111.83190501468904,111.8490684070663,111.81474162231179,111.86623179944355,111.79757822993453,111.46448749999956,112.00998554005979,110.91898945993934,111.46448749999956,111.73723652002968,111.19173847996944,111.1589928827389,111.49714238881737,108.1658828124998,109.90903437500131,110.35682375000016,110.78593749999968,111.46448749999956,0.19156911252635692,76.45975106901544,73.38954271691661,NaN,NaN,NaN,NaN,0.01613148540315451,0.21173388845934937,0.19560240305619486,88.5443665329791,85.6153550474857
1763596800,111.81299664439706,111.924,111.697,111.81575,111.916,110.918,111.417,NaN,NaN,NaN,NaN,NaN,111.82298541688697,111.83900584227852,111.8069649914954,111.85502626767008,111.79094456610385,111.50654999999954,112.02341614792279,110.98968385207628,111.50654999999954,111.76498307396116,111.24811692603791,111.18474806380796,111.5261067171067,108.17021425781232,109.9149500000013,110.37198750000016,110.80643437499968,111.50654999999954,0.194099890203046,73.67005688488439,73.26763971197173,NaN,NaN,NaN,NaN,0.011659693772336388,0.21017702027161533,0.19851732649927895,87.86371837532529,87.49525271474245
1763600400,111.81437332219852,112.039,111.78,111.91925,111.916,110.918,111.417,111.916,NaN,NaN,NaN,NaN,111.84673491408702,111.88864642561418,111.80482340255986,111.93055793714134,111.7629118910327,111.55303749999955,112.0420184625458,111.0640565374533,111.55303749999955,111.79752798127268,111.30854701872641,111.21355206130569,111.56184701555155,108.17461132812483,109.92110078125128,110.38734875000017,110.82692187499967,111.55303749999955,0.19873561233139989,76.7235926156571,73.29449695779078,NaN,NaN,NaN,NaN,0.013040924629927314,0.2148184822866881,0.20177755765676078,84.5371999149217,86.98176160774199
1763604000,111.86681166109926,112.052,111.86681166109926,111.98325,111.916,110.918,111.417,NaN,NaN,NaN,NaN,NaN,111.86532890797504,111.92349111387111,111.80716670207897,111.98165331976718,111.7490044961829,111.59974999999955,112.06513151001216,111.13436848998693,111.59974999999955,111.83244075500585,111.36705924499324,111.24373629419567,111.60015637777414,108.1790035156248,109.9274937500013,110.40216750000016,110.84895312499968,111.59974999999955,0.1977679499434959,78.39232049785186,73.5204822135311,NaN,NaN,NaN,NaN,0.01546778956148448,0.22111229460861637,0.2056445050471319,84.2300999852029,85.54367275848325
1763607600,111.92503083054963,112.031,111.924,111.97325,111.916,110.918,111.417,NaN,NaN,NaN,NaN,NaN,111.87864667991519,111.94402028485,111.81327307498039,112.0093938897848,111.74789947004558,111.64289999999956,112.07776855467863,111.20803144532049,111.64289999999956,111.86033427733909,111.42546572266002,111.27234467481544,111.63407397979468,108.18333085937479,109.9338460937513,110.41578125000017,110.87114999999969,111.64289999999956,0.19128452494753187,77.45790500882744,73.77961549849167,NaN,NaN,NaN,NaN,0.013665056059654068,0.22272582512169947,0.2090607690620454,86.16752271024933,84.97827420345793
1763611200,111.94914041527481,112.025,111.91,111.98625,111.916,110.918,111.417,NaN,NaN,NaN,NaN,NaN,111.8866323034333,111.95453328399402,111.81873132287258,112.02243426455475,111.75083034231186,111.68541249999956,112.07792967378658,111.29289532621253,111.68541249999956,111.88167108689306,111.48915391310605,111.30034096207758,111.66608998163153,108.1876392578123,109.94027031250127,110.42899125000017,110.89354374999968,111.68541249999956,0.18583563030842312,77.82790463233312,73.76847543285571,NaN,NaN,NaN,NaN,0.01074245531065382,0.2224888382003627,0.21174638288970887,88.7944307904512,86.39735116196778
1763614800,111.9676952076374,112.11,111.9676952076374,112.05125000000001,111.916,110.918,111.417,NaN,NaN,NaN,NaN,NaN,111.90086340755276,111.97968844786136,111.82203836724416,112.05851348816996,111.74321332693556,111.72462499999953,112.09835332695087,111.3508966730482,111.72462499999953,111.9114891634752,111.53776083652387,111.32978837532944,111.70110452875593,108.1919396484373,109.94690156250128,110.44270500000017,110.9165999999997,111.72462499999953,0.18272628474086394,79.62838029202373,73.87862807914748,NaN,NaN,NaN,NaN,0.010565185317095549,0.22495286453607832,0.21438767921898277,89.3762609545419,88.11273815174742
1763618400,112.00947260381871,112.238,112.00947260381871,112.15375,111.916,110.918,111.417,NaN,NaN,NaN,NaN,NaN,111.93039964973445,112.03731675811885,111.82348254135006,112.14423386650324,111.71656543296567,111.75772499999955,112.15931424580826,111.35613575419084,111.75772499999955,111.9585196229039,111.5569303770952,111.36210059590476,111.74225411705085,108.1959312499998,109.95383281250129,110.45640625000016,110.9409468749997,111.75772499999955,0.1859977927008945,82.09723643514825,75.06031396864832,NaN,NaN,NaN,NaN,0.014487010439828613,0.23249644226876853,0.21800943182893992,89.96348671018363,89.37805948505887
1763622000,112.08161130190936,112.25,111.966,112.121,111.916,110.918,111.417,NaN,NaN,NaN,NaN,NaN,111.95180908467076,112.06809667053675,111.83552149880477,112.18438425640274,111.71923391293878,111.78722499999954,112.20424517020851,111.37020482979057,111.78722499999954,111.99573508510403,111.57871491489504,111.39186135684967,111.77668556095531,108.19986035156231,109.96049375000129,110.46955875000016,110.9645999999997,111.78722499999954,0.19299795036511674,78.81077932414226,75.96601827219001,NaN,NaN,NaN,NaN,0.012108122556792833,0.23314458502493096,0.22103646246813813,87.6605082945476,89.00008531975766
1763625600,112.10130565095469,112.10130565095469,111.775,111.918,111.916,110.918,111.417,NaN,NaN,NaN,NaN,NaN,111.94956798571583,112.05945860976867,111.83967736166299,112.1693492338215,111.72978673761016,111.80726249999955,112.20868862860333,111.40583637139578,111.80726249999955,112.00797556430143,111.60654943569767,111.41249424481636,111.78953232814119,108.20354140624981,109.9665156250013,110.48170875000017,110.9857312499997,111.80726249999955,0.20392666819617908,62.19187165767155,75.51290109201547,NaN,NaN,NaN,NaN,-0.004987779064893422,0.21480173863702134,0.21978951770191477,74.52746205331675,84.05048568601595
1763629200,112.00965282547735,112.00965282547735,111.791,111.843,111.916,110.918,111.417,NaN,NaN,111.916,NaN,NaN,111.94376910197472,112.0506061175162,111.83693208643325,112.15744313305767,111.73009507089178,111.82437499999953,112.20045615794346,111.4482938420556,111.82437499999953,112.0124155789715,111.63633442102757,111.42937682345101,111.7943930255829,108.2071472656248,109.97246328125132,110.49283500000016,111.00625624999971,111.82437499999953,0.20497853657340553,57.37781939421791,74.54378124378368,NaN,NaN,NaN,NaN,-0.022231795243296715,0.19199977364779386,0.21423156889109057,57.05503492167847,73.08100175651423
1763632800,111.92632641273867,112.052,111.868,111.95949999999999,111.916,110.918,111.417,111.916,NaN,NaN,NaN,NaN,111.9446847920028,112.0484990122893,111.84087057171631,112.15231323257579,111.73705635142981,111.83953749999952,112.2117148525493,111.46736014744974,111.83953749999952,112.02562617627441,111.65344882372463,111.4501659676294,111.80940275052991,108.2109041015623,109.9787976562513,110.50432750000016,111.02823124999972,111.83953749999952,0.20526578396101966,62.264128168437864,73.85554330590864,NaN,NaN,NaN,NaN,-0.026392933554481635,0.18124040194798852,0.20763333550247015,46.83701552449779,59.47317083316428
1763636400,111.94291320636933,112.056,111.94291320636933,112.0175,111.916,110.918,111.417,NaN,NaN,NaN,NaN,NaN,111.94712357579333,112.04953106317423,111.84471608841243,112.15193855055513,111.74230860103152,111.85738749999953,112.22774507956474,111.48702992043432,111.85738749999953,112.04256628978213,111.67220871021694,111.4724143610557,111.82832068229992,108.21477343749982,109.98527812500132,110.51587500000016,111.05046249999972,111.85738749999953,0.1986815703659948,64.44927419864959,73.13088993118316,NaN,NaN,NaN,NaN,-0.02580902222874104,0.17537205771654385,0.2011810799452849,48.83549718040016,50.90918254219209
1763640000,111.98020660318466,112.16,111.98020660318466,112.09,111.916,110.918,111.417,NaN,NaN,NaN,NaN,NaN,111.95346974902883,112.05718123118693,111.84975826687072,112.16089271334504,111.74604678471262,111.88697499999952,112.23148744153782,111.54246255846122,111.88697499999952,112.05923122076867,111.71471877923038,111.49663340572017,111.85210971118174,108.21867578124981,109.9919437500013,110.52787375000018,111.07399687499972,111.88697499999952,0.1973324151123767,67.0200860423352,72.4550790157997,NaN,NaN,NaN,NaN,-0.02129743520638297,0.17455928593730619,0.19585672114368916,60.29659171638048,51.989701473759425
1763643600,112.03510330159233,112.266,111.914,112.12225,111.916,110.918,111.417,NaN,NaN,NaN,NaN,NaN,111.99089185130607,112.101047236032,111.88073646658015,112.21120262075793,111.77058108185422,111.91737499999954,112.23086864005327,111.6038813599458,111.91737499999954,112.0741218200264,111.76062817997267,111.52116738980958,111.87666791925612,108.2225855468748,109.99858437500131,110.53975125000017,111.09757187499972,111.91737499999954,0.2083800997472072,68.12431158536953,71.85969048125357,NaN,NaN,NaN,NaN,-0.01708068180167105,0.17450586889160036,0.1915865506932714,67.91996258359568,59.01735049345873
1763647200,112.07867665079615,112.292,112.07867665079615,112.19775000000001,111.916,110.918,111.417,NaN,NaN,NaN,NaN,NaN,112.01881574843476,112.14207742411415,111.89555407275537,112.26533909979354,111.77229239707599,111.94816249999955,112.24432720370429,111.65199779629482,111.94816249999955,112.09624485185192,111.80008014814719,111.5477000411896,111.90585719932375,108.2265646484373,110.00533046875132,110.55187375000018,111.12137187499972,111.94816249999955,0.20873318899411003,70.60558703290152,71.6407997775405,NaN,NaN,NaN,NaN,-0.010470729288930114,0.17849813908210876,0.18896886837103888,75.8577044359627,68.02475291197958
1763650800,112.13821332539808,112.288,112.13,112.19,111.916,110.918,111.417,NaN,NaN,NaN,NaN,NaN,112.03295684097266,112.16111573878307,111.90479794316225,112.28927463659348,111.77663904535184,111.97488749999954,112.25670913994618,111.6930658600529,111.97488749999954,112.11579831997287,111.83397668002621,111.57288827486843,111.93168836302159,108.23059863281233,110.01214531250132,110.56358375000018,111.14475624999973,111.97488749999954,0.20510938978024512,70.00320396345501,71.16077201666893,NaN,NaN,NaN,NaN,-0.00799622617517226,0.17897358565207355,0.1869698118272458,78.9256661896229,74.23444440306038
1763654400,112.16410666269904,112.16410666269904,111.71,111.931,111.916,110.918,111.417,NaN,NaN,NaN,NaN,NaN,112.02242895190012,112.14724437136071,111.89761353243954,112.2720597908213,111.77279811297895,111.98714999999956,112.23712416833153,111.73717583166759,111.98714999999956,112.11213708416555,111.86216291583357,111.58693187193242,111.93162578456509,108.23456054687483,110.01848515625133,110.57342625000018,111.16451249999973,111.98714999999956,0.22474443336737074,53.55795594936207,69.38688883463394,NaN,NaN,NaN,NaN,-0.024259423187134393,0.15664553284332783,0.18090495603046222,66.6710425155264,73.81813771370395
1763658000,112.04755333134952,112.04755333134952,111.548,111.70974999999999,111.916,110.918,111.417,NaN,NaN,111.916,NaN,NaN,111.99424805783836,112.13642410459968,111.85207201107704,112.278600151361,111.70989596431572,111.98381249999957,112.24641104665866,111.72121395334048,111.98381249999957,112.11511177332912,111.85251322667003,111.59174826911155,111.91145525869553,108.23836347656231,110.02432968750131,110.58182375000018,111.18184374999971,111.98381249999957,0.2443736403660955,44.04010220807421,66.99990292029443,NaN,NaN,NaN,NaN,-0.04895009502555639,0.11971733724851674,0.16866743227407313,46.66129767522076,64.08600212678998
1763661600,111.87865166567475,111.906,111.646,111.74075,111.916,110.918,111.417,NaN,NaN,NaN,NaN,NaN,111.98096460820815,112.12903652451854,111.83289269189777,112.27710844082893,111.68482077558738,111.97849999999956,112.2558399535617,111.70116004643741,111.97849999999956,112.11716997678063,111.83983002321848,111.59759147424442,111.89593659881412,108.2421408203123,110.0304148437513,110.59057500000019,111.19926249999972,111.97849999999956,0.24548980891137476,45.50148110152296,64.6908726680937,NaN,NaN,NaN,NaN,-0.06141904613454835,0.09189362460588768,0.15331267074043603,28.540119351143105,47.29081984729671
1763665200,111.80970083283738,111.832,111.654,111.74950000000001,111.916,110.918,111.417,NaN,NaN,NaN,NaN,NaN,111.97060570117337,112.12324052056336,111.81797088178338,112.27587533995334,111.6653360623934,111.97363749999957,112.2631879476066,111.68408705239254,111.97363749999957,112.11841272380309,111.82886227619605,111.60354867133287,111.88262418074011,108.24584628906231,110.0366375000013,110.59936750000018,111.21652812499971,111.97363749999957,0.2406691082748478,45.93068908876249,62.28389472500361,NaN,NaN,NaN,NaN,-0.06685397303333701,0.06974520444876475,0.13659917748210176,24.910394265232867,33.37060376386554
1763668800,111.7796004164187,111.874,111.754,111.80449999999999,111.916,110.918,111.417,NaN,NaN,NaN,NaN,NaN,111.96371710541632,112.11651132727339,111.81092288355926,112.26930554913045,111.6581286617022,111.97307499999957,112.26389109710564,111.6822589028935,111.97307499999957,112.1184830485526,111.82766695144653,111.61142911559433,111.87552198249101,108.24955351562483,110.04288281250129,110.60852750000018,111.23453437499973,111.97307499999957,0.23237131482664322,48.66732075369408,59.89604360489975,NaN,NaN,NaN,NaN,-0.06449126130074023,0.05598510085617647,0.1204763621569167,29.155465949820893,27.53532652206559
1763672400,111.79205020820935,111.79205020820935,111.696,111.74175,111.916,110.918,111.417,NaN,NaN,NaN,NaN,NaN,111.9577853065437,112.1126735485622,111.8028970645252,112.2675617905807,111.6480088225067,111.96419999999955,112.27141615330416,111.65698384669494,111.96419999999955,112.11780807665185,111.81059192334725,111.6165397385122,111.86336089317365,108.25319414062483,110.0490367187513,110.61737875000019,111.25174374999972,111.96419999999955,0.2235233637675967,45.818024560953,57.539418264671944,NaN,NaN,NaN,NaN,-0.06473253927737996,0.03956068806019175,0.10429322733757171,29.200268817203987,27.755376344085878
1763676000,111.76690010410468,111.76690010410468,111.672,111.7165,112.292,111.548,111.92,NaN,NaN,NaN,NaN,NaN,111.71846670136823,111.71846670136823,111.71846670136823,111.71846670136823,111.71846670136823,111.95086249999956,112.27623718665814,111.62548781334098,111.95086249999956,112.11354984332885,111.78817515667026,111.62045974876662,111.85000990288513,108.25688398437485,110.05552109375131,110.6264150000002,111.26805312499971,111.95086249999956,0.21433598807738846,44.68435117387937,56.28888108725822,NaN,NaN,NaN,NaN,-0.06405259842164852,0.024227479310511058,0.08828007773215958,27.721774193547375,28.69250298685738
1763679600,111.74170005205234,111.74170005205234,111.56,111.67325,112.292,111.548,111.92,NaN,NaN,NaN,NaN,NaN,111.67452962669961,111.70121949875893,111.64783975464029,111.72790937081825,111.62114988258097,111.93586249999957,112.28267972377107,111.58904527622808,111.93586249999957,112.10927111188532,111.76245388811382,111.62252995469734,111.83394082080467,108.26060976562482,110.0621843750013,110.6354762500002,111.28169687499971,111.93586249999957,0.21200484978988463,42.73390665666644,55.24288732029026,NaN,NaN,NaN,NaN,-0.06383362819236288,0.008488042491705983,0.07232167068406886,21.84139784946161,26.25448028673762
1763683200,111.70747502602617,111.83,111.62,111.71175,112.292,111.548,111.92,NaN,NaN,NaN,NaN,NaN,111.69655625107552,111.72657093889657,111.66654156325447,111.75658562671762,111.63652687543342,111.92213749999955,112.28139532763446,111.56287967236464,111.92213749999955,112.101766413817,111.7425085861821,111.62602878000332,111.82283256436789,108.26441874999982,110.0687179687513,110.64518750000019,111.29555624999973,111.92213749999955,0.21186164623346385,45.033929432851444,54.01215883917695,NaN,NaN,NaN,NaN,-0.058552480434553945,-0.0008689298591235683,0.05768355057543038,20.49731182795618,23.35349462365502
1763686800,111.70961251301308,111.808,111.614,111.72874999999999,112.292,111.548,111.92,NaN,NaN,NaN,NaN,NaN,111.70035717247639,111.72856434427065,111.67215000068212,111.75677151606492,111.64394282888786,111.90601249999956,112.26956698244157,111.54245801755755,111.90601249999956,112.08778974122058,111.72423525877855,111.63005706314044,111.8142796039708,108.26827558593732,110.07506250000128,110.65486250000018,111.30924999999972,111.90601249999956,0.2105858143596452,46.06404471518676,52.698928161786746,NaN,NaN,NaN,NaN,-0.05161393118989739,-0.0068338634119413655,0.044780067777956026,21.046146953403966,21.128285543607216
1763690400,111.71918125650654,111.8,111.662,111.72550000000001,112.292,111.548,111.92,NaN,NaN,NaN,NaN,NaN,111.70484242741954,111.73278654455969,111.67689831027938,111.76073066169984,111.64895419313923,111.88459999999957,112.23755900589234,111.5316409941068,111.88459999999957,112.06107950294594,111.70812049705319,111.63379992340944,111.80620873088255,108.27210019531233,110.08140781250128,110.66426125000018,111.32359374999972,111.88459999999957,0.20540111333395564,45.886993112559274,51.189421523945605,NaN,NaN,NaN,NaN,-0.04517495412200608,-0.011688624874551579,0.033486329247454504,23.387096774193168,21.643518518517734
1763694000,111.72234062825328,111.726,111.63,111.663,112.292,111.548,111.92,NaN,NaN,NaN,NaN,NaN,111.7024211781055,111.73057669713336,111.67426565907763,111.75873221616122,111.64611014004977,111.86169999999956,112.20973267063854,111.51366732936057,111.86169999999956,112.03571633531905,111.68768366468007,111.63494502445221,111.79318975534777,108.27590136718734,110.08751718750128,110.67319125000019,111.33828437499972,111.86169999999956,0.19758674809581622,42.50365493049698,49.35937462002613,NaN,NaN,NaN,NaN,-0.04306487475679607,-0.020344764198540588,0.022720110558255485,21.20295698924701,21.878733572281345
1763697600,111.69267031412664,111.69267031412664,111.505,111.5995,112.292,111.548,111.92,NaN,NaN,NaN,NaN,NaN,111.68483519759397,111.73137935644463,111.6382910387433,111.7779235152953,111.59174687989264,111.84577499999958,112.21077931138458,111.48077068861457,111.84577499999958,112.02827715569208,111.66327284430707,111.6335550234933,111.7755815957707,108.27968476562485,110.09336093750127,110.68168875000018,111.35254062499973,111.84577499999958,0.19687843138373284,39.33068665613417,47.12545316454275,NaN,NaN,NaN,NaN,-0.04374434255712598,-0.03196031763815199,0.01178402491897399,17.127827215425178,20.57262699295508
1763701200,111.64608515706333,111.678,111.552,111.60925,112.292,111.548,111.92,NaN,NaN,NaN,NaN,NaN,111.67903991732246,111.72775975286889,111.63032008177602,111.77647958841533,111.58160024622958,111.83408749999958,112.21338821406906,111.45478678593011,111.83408749999958,112.02373785703432,111.64443714296485,111.63260188531709,111.76046054160973,108.28341816406234,110.09925781250129,110.69013250000016,111.36671874999972,111.83408749999958,0.19181568628489412,40.07045544390589,44.98739969886067,NaN,NaN,NaN,NaN,-0.04136227957354206,-0.03991882454795359,0.001443455025588472,14.44760602959492,17.592796744755663
1763704800,111.62766757853166,111.62766757853166,111.476,111.56299999999999,112.292,111.548,111.92,NaN,NaN,NaN,NaN,NaN,111.66596425064226,111.72567977609413,111.6062487251904,111.78539530154599,111.54653319973853,111.81426249999956,112.20649831773655,111.42202668226257,111.81426249999956,112.01038040886804,111.61814459113107,111.62987239961838,111.74250958328157,108.28707480468736,110.10499453125131,110.69840500000018,111.38047187499971,111.81426249999956,0.1889479643025201,37.720823213108496,43.85617593198542,NaN,NaN,NaN,NaN,-0.04066569625599185,-0.049388665294401335,-0.00872296903840949,14.369168498304576,15.31486724777485
1763708400,111.59533378926582,111.59533378926582,111.047,111.3375,112.292,111.548,111.92,NaN,111.548,NaN,NaN,NaN,111.62707772617493,111.7489030857697,111.50525236658017,111.87072844536446,111.3834270069854,111.78026249999957,112.21203134638502,111.34849365361411,111.78026249999957,111.99614692319228,111.56437807680685,111.61840681531962,111.70569053025598,108.29057109374988,110.1100539062513,110.70555375000018,111.39124687499971,111.78026249999957,0.2146183803713276,28.840982807579522,42.77052454623579,NaN,NaN,NaN,NaN,-0.05240868588023749,-0.07423382638870635,-0.02182514050846886,21.618977819487764,16.811917449129044
1763712000,111.46641689463291,111.46641689463291,111.084,111.2725,112.292,111.548,111.92,NaN,NaN,NaN,NaN,NaN,111.57464470573846,111.74311785451734,111.40617155695959,111.91159100329621,111.23769840818072,111.73938749999957,112.19995059199186,111.27882440800727,111.73938749999957,111.96966904599572,111.50910595400342,111.60484184216983,111.66630957295997,108.29406562499987,110.11486484375129,110.71213375000018,111.4009531249997,111.73938749999957,0.22660398853286925,26.876921605777426,41.440198867968256,NaN,NaN,NaN,NaN,-0.06097078687029106,-0.09803862409633268,-0.03706783722604162,25.435767029830675,20.474637782540967
1763715600,111.36945844731645,111.424,111.204,111.32125,112.292,111.548,111.92,NaN,NaN,NaN,NaN,NaN,111.55254698121105,111.72910367856747,111.37599028385463,111.90566037592389,111.19943358649822,111.69933749999957,112.15906938567889,111.23960561432025,111.69933749999957,111.92920344283922,111.46947155715992,111.59372059345729,111.6349405208727,108.29763046874989,110.11979140625131,110.71861000000017,111.41133749999969,111.69933749999957,0.22613227506623668,30.689260003982497,40.35152536191254,NaN,NaN,NaN,NaN,-0.059692104990726726,-0.11168296846445003,-0.0519908634737233,31.415885291663006,26.15687671366044
1763719200,111.34535422365823,111.34535422365823,111.022,111.20275000000001,112.292,111.548,111.92,NaN,NaN,NaN,NaN,NaN,111.51414609301425,111.71493542478518,111.31335676124331,111.91572475655612,111.11256742947238,111.64958749999956,112.09801807625979,111.20115692373932,111.64958749999956,111.87380278812968,111.42537221186943,111.57838841332172,111.59565047352064,108.30114531249987,110.12467343750129,110.72464750000017,111.42038749999969,111.64958749999956,0.23307669996566463,27.003810670198703,38.80413178452002,NaN,NaN,NaN,NaN,-0.06284989556495145,-0.1305532329299126,-0.06770333736496116,27.599770633049285,28.15047431818095
1763722800,111.27405211182912,111.354,111.166,111.25275,112.292,111.548,111.92,NaN,NaN,NaN,NaN,NaN,111.50235479375804,111.70570090431829,111.2990086831978,111.90904701487854,111.09566257263755,111.60272499999955,112.00940973336252,111.19604026663659,111.60272499999955,111.80606736668103,111.39938263331807,111.56561827946597,111.56447770320058,108.3046990234374,110.1299148437513,110.73115125000017,111.43063124999969,111.60272499999955,0.22985693568240304,30.78097470095294,37.73005679452001,NaN,NaN,NaN,NaN,-0.057726320546055004,-0.13986123804752992,-0.08213491750147492,28.03008308690674,29.015246337206303
1763726400,111.26340105591456,111.346,111.09,111.2325,112.292,111.548,111.92,NaN,NaN,NaN,NaN,NaN,111.46718752976967,111.67870729704313,111.25566776249622,111.89022706431659,111.04414799522276,111.56779999999955,111.97568952529953,111.15991047469957,111.56779999999955,111.77174476264955,111.36385523734955,111.55255481752613,111.53429791200053,108.3082164062499,110.13525781250132,110.7376250000002,111.4418781249997,111.56779999999955,0.23172429741937425,30.10162206978154,36.68843328708446,NaN,NaN,NaN,NaN,-0.052032353200720236,-0.14717535900237522,-0.09514300580165498,25.660066006600886,27.096639908852264
1763730000,111.24795052795727,111.386,111.24,111.30449999999999,112.292,111.548,111.92,NaN,NaN,NaN,NaN,NaN,111.45638847047476,111.66433713889717,111.24843980205236,111.87228580731957,111.04049113362996,111.54753749999956,111.96534966678061,111.12972533321852,111.54753749999956,111.7564435833901,111.33863141660903,111.54282717762314,111.51340719272775,108.3118548828124,110.14118515625132,110.74476125000018,111.45364062499971,111.54753749999956,0.22613684760370423,35.5483893622163,36.17518205176658,NaN,NaN,NaN,NaN,-0.040273590427413394,-0.14548499383592173,-0.10521140340850833,29.85767326732623,27.84927412027791
1763733600,111.27622526397863,111.326,111.086,111.21074999999999,112.292,111.548,111.92,NaN,NaN,NaN,NaN,NaN,111.4329198653827,111.64375655437021,111.22208317639519,111.85459324335773,111.01124648740767,111.52103749999955,111.95344582175973,111.08862917823937,111.52103749999955,111.73724166087963,111.30483333911947,111.52980454320654,111.48589290247978,108.31552246093739,110.14738984375131,110.75158000000017,111.4640374999997,111.52103749999955,0.22712707277486782,32.046693569957185,35.247522347274135,NaN,NaN,NaN,NaN,-0.035815931268151316,-0.14998131749369747,-0.11416538622554616,28.342948798695392,27.953562690874133
1763737200,111.24348763198931,111.24348763198931,110.602,110.92625000000001,112.292,111.548,111.92,NaN,NaN,NaN,NaN,NaN,111.34746662522802,111.61799104673425,111.0769422037218,111.88851546824047,110.80641778221558,111.47987499999954,111.97029824818334,110.98945175181574,111.47987499999954,111.72508662409145,111.23466337590763,111.5061357375906,111.43501627498162,108.31897011718738,110.15277500000131,110.75686625000019,111.4711812499997,111.47987499999954,0.2567242555758992,24.242451944324728,33.688837149355415,NaN,NaN,NaN,NaN,-0.048259727888402465,-0.17449004608604923,-0.12623031819764677,28.68093647893284,28.96051951498478
1763740800,111.08486881599467,111.086,110.764,110.9375,112.292,111.548,111.92,NaN,NaN,NaN,NaN,NaN,111.31361554471947,111.59694410572911,111.03028698370983,111.88027266673875,110.74695842270019,111.43652499999955,111.95686712048284,110.91618287951626,111.43652499999955,111.6966960602412,111.1763539397579,111.48383629690078,111.38978752271056,108.32237089843736,110.15809609375131,110.76177625000018,111.47765937499969,111.43652499999955,0.26138680874904946,25.020036523132703,32.19834025011066,NaN,NaN,NaN,NaN,-0.051660637418532024,-0.1908061149708118,-0.13914547755227977,26.976230866023247,28.000038714550453
1763744400,111.01118440799733,111.196,111.01118440799733,111.1015,112.292,111.548,111.92,NaN,NaN,NaN,NaN,NaN,111.30507667052272,111.58569839828984,111.02445494275561,111.86632012605695,110.7438332149885,111.40451249999953,111.92458231429804,110.88444268570102,111.40451249999953,111.66454740714877,111.14447759285028,111.46884271663016,111.36357956610051,108.32600996093736,110.16414687500131,110.76725125000019,111.48467499999967,111.40451249999953,0.2611806081241172,35.425445544088575,31.6927538653672,NaN,NaN,NaN,NaN,-0.03934946602241479,-0.18833231008029827,-0.14898284405788348,34.23740726348628,29.96485820281408
1763748000,111.05634220399867,111.16,110.974,111.074,112.292,111.548,111.92,NaN,NaN,NaN,NaN,NaN,111.29691197530394,111.57598060507904,111.01784334552885,111.85504923485414,110.73877471575375,111.37238749999953,111.89077443245235,110.85400056754672,111.37238749999953,111.63158096622594,111.11319403377313,111.45335868852702,111.33725415100047,108.32985996093737,110.1703609375013,110.77283875000018,111.48978124999967,111.37238749999953,0.25581056468667973,34.55937485869613,31.35194587983591,NaN,NaN,NaN,NaN,-0.029967035871572845,-0.18644163889734955,-0.1564746030257767,39.837483185148045,33.68370710488582
1763751600,111.06517110199934,111.088,110.879,110.99475000000001,112.292,111.548,111.92,NaN,NaN,NaN,NaN,NaN,111.28940836441869,111.56915724720385,111.00965948163353,111.848906129989,110.72991059884838,111.33846249999954,111.86242791560319,110.81449708439588,111.33846249999954,111.60044520780136,111.07647979219772,111.43537403407498,111.30611741000043,108.33371054687487,110.1762984375013,110.77804125000017,111.49277187499968,111.33846249999954,0.2524669529233447,32.122158945769286,30.7842104156833,NaN,NaN,NaN,NaN,-0.026146389652474122,-0.18915759009136934,-0.16301120043889522,42.65194291979353,38.90894445614257
1763755200,111.02996055099968,111.02996055099968,110.925,110.96525,112.292,111.548,111.92,NaN,NaN,NaN,NaN,NaN,111.28160300035297,111.56219528019457,111.00101072051137,111.84278756003617,110.72041844066977,111.30113749999953,111.81974711884328,110.78252788115577,111.30113749999953,111.5604423094214,111.04183269057765,111.41693779744459,111.27512946363674,108.33747128906236,110.18224609375129,110.78314250000018,111.49593749999967,111.30113749999953,0.2419307813573685,31.239012248916836,30.32122391824104,NaN,NaN,NaN,NaN,-0.022777524754434036,-0.19148310638193777,-0.16870558162750374,39.575693272522976,40.68837312582147
1763758800,110.99760527549984,111.049,110.888,110.96125,112.292,111.548,111.92,NaN,NaN,NaN,NaN,NaN,111.26358489446136,111.54571316501777,110.98145662390495,111.82784143557419,110.69932835334853,111.26276249999952,111.76236192629777,110.76316307370128,111.26276249999952,111.51256221314866,111.0129627868504,111.39906768774088,111.2465949669425,108.34113886718737,110.18841015625131,110.78875125000017,111.49907187499969,111.26276249999952,0.2361500112604137,31.114099141543235,30.483589370667016,NaN,NaN,NaN,NaN,-0.01818916408702964,-0.1914420367362908,-0.17325287264926115,38.80690553794429,40.34484724342022
1763935200,110.97942763774992,111.115,110.934,111.00475,111.83,110.602,111.21600000000001,NaN,NaN,NaN,NaN,NaN,111.01791666666666,111.01791801536582,111.0179153179675,111.01791936406498,111.01791396926835,111.22672499999953,111.69029125456075,110.76315874543832,111.22672499999953,111.45850812728014,110.99494187271893,111.38360424900594,111.22460906085682,108.34483124999988,110.1948234375013,110.79438250000017,111.50178749999968,111.22672499999953,0.23221072474181256,34.19571731793117,31.006360492963715,NaN,NaN,NaN,NaN,-0.01000418072945583,-0.18575809856108094,-0.1757539178316251,42.37497777548704,40.25252552865138
1763938800,110.99208881887496,111.188,110.99208881887496,111.0935,111.83,110.602,111.21600000000001,NaN,NaN,NaN,NaN,NaN,111.06224189193576,111.0980665965851,111.02641718728641,111.13389130123444,110.99059248263707,111.19824999999953,111.61912168456176,110.7773783154373,111.19824999999953,111.40868584228065,110.98781415771842,111.37222761179002,111.21269005532439,108.34855546874988,110.20151562500132,110.80014375000017,111.50612187499969,111.19824999999953,0.22961790019775744,40.084820180055665,31.6774719341118,NaN,NaN,NaN,NaN,0.0029165765387779985,-0.17210819715815262,-0.17502477369693062,51.082494898519116,44.088126070650105
1763942400,111.04279440943748,111.22,111.04279440943748,111.17349999999999,111.83,110.602,111.21600000000001,NaN,NaN,NaN,NaN,NaN,111.09531994367063,111.14462195763271,111.04601792970855,111.19392397159478,110.99671591574648,111.17694999999954,111.5554211546107,110.79847884538837,111.17694999999954,111.36618557730512,110.98771442269395,111.36443437211199,111.20912732302217,108.35224882812489,110.20838671875131,110.80637375000016,111.5091187499997,111.17694999999954,0.22587416379524064,44.87396576940929,32.95391158405541,NaN,NaN,NaN,NaN,0.017563245674180578,-0.1530707166042049,-0.17063396227838548,61.527695019613496,51.66172256453984
1763946000,111.10814720471873,111.177,111.106,111.15475,111.83,110.602,111.21600000000001,NaN,NaN,NaN,NaN,NaN,111.10973541880887,111.15727206531079,111.06219877230694,111.20480871181272,111.01466212580502,111.15422499999954,111.47655498986104,110.83189501013804,111.15422499999954,111.3153899949303,110.99306000506878,111.35621145555858,111.20418393002016,108.35593261718739,110.2150968750013,110.81221000000018,111.5082937499997,111.15422499999954,0.2148117235241529,43.98653017168898,33.89716554625084,NaN,NaN,NaN,NaN,0.02618185584135377,-0.13790664247669326,-0.16408849831804703,68.69685374149695,60.43568121987648
1763949600,111.13144860235937,111.202,111.11,111.15650000000001,111.83,110.602,111.21600000000001,NaN,NaN,NaN,NaN,NaN,111.11709455888085,111.16388251228167,111.07030660548003,111.2106704656825,111.0235186520792,111.13389999999956,111.39624678357572,110.8715532164234,111.13389999999956,111.26507339178764,111.00272660821147,111.34837963377197,111.19984902729107,108.35959765624986,110.22191875000131,110.81780750000019,111.50573437499968,111.13389999999956,0.20603945755814188,44.09765060175124,34.89688186996296,NaN,NaN,NaN,NaN,0.03181898200634464,-0.12431477081011622,-0.15613375281646086,71.37542517006851,67.19999131039295
1763953200,111.1439743011797,111.154,111.098,111.13550000000001,111.83,110.602,111.21600000000001,NaN,NaN,NaN,NaN,NaN,111.11786909877866,111.16322778837663,111.07251040918068,111.2085864779746,111.0271517195827,111.12379999999955,111.36900953256271,110.87859046743638,111.12379999999955,111.24640476628113,111.00119523371797,111.34003141283974,111.19399911571915,108.36325839843737,110.22873046875131,110.82338125000018,111.5040062499997,111.12379999999955,0.19550092487541812,42.99537768985483,35.428809607651424,NaN,NaN,NaN,NaN,0.03376749054308631,-0.11392438963760299,-0.1476918801806893,71.6395708836034,70.57061659838958
1763956800,111.13973715058985,111.148,111.049,111.10125,111.83,110.602,111.21600000000001,NaN,NaN,NaN,NaN,NaN,111.11725330218572,111.16197169127179,111.07253491309964,111.20669008035786,111.02781652401357,111.11523749999955,111.35085119173726,110.87962380826184,111.11523749999955,111.23304434586841,110.9974306541307,111.33066743586562,111.1855673779265,108.36690351562488,110.23535937500132,110.82881125000019,111.5021281249997,111.11523749999955,0.18860800167003036,41.187117002078985,36.081696995660124,NaN,NaN,NaN,NaN,0.03237935398657474,-0.10721768769747086,-0.1395970416840456,74.08059860231562,72.36519821866246
1763960400,111.12049357529492,111.12049357529492,111.05,111.08525,111.83,110.602,111.21600000000001,NaN,NaN,NaN,NaN,NaN,111.11598184386719,111.16024660674108,111.0717170809933,111.20451136961498,111.0274523181194,111.10343749999956,111.31942007273483,110.88745492726429,111.10343749999956,111.2114287863672,110.99544621363192,111.32104322269441,111.17644761629683,108.37052675781237,110.24195234375131,110.83427125000019,111.50046249999971,111.10343749999956,0.18017125692895092,40.333718982554714,37.231073212676556,NaN,NaN,NaN,NaN,0.0300635146065395,-0.10201764842587124,-0.13208116303241074,73.98810546470956,73.23609165020947
1763964000,111.10287178764746,111.168,111.085,111.12924999999998,111.83,110.602,111.21600000000001,NaN,NaN,NaN,NaN,NaN,111.11650739024245,111.1598092334129,111.07320554707199,111.20311107658335,111.02990370390154,111.09976249999957,111.31131653970971,110.88820846028943,111.09976249999957,111.20553951985464,110.9939854801445,111.31352191984365,111.1721569239062,108.37418027343737,110.24869687500129,110.84022625000017,111.49975937499971,111.09976249999957,0.17323045286259817,43.78334949326195,38.571309853400074,NaN,NaN,NaN,NaN,0.031048148194384367,-0.09327097778943028,-0.12431912598381464,73.88785595481623,73.98552000728043
1763967600,111.11606089382371,111.254,111.11606089382371,111.1885,111.83,110.602,111.21600000000001,NaN,NaN,NaN,NaN,NaN,111.12044416358046,111.16547667546486,111.07541165169606,111.21050918734926,111.03037913981166,111.09654999999955,111.30052956971588,110.89257043028323,111.09654999999955,111.19853978485772,110.99456021514139,111.30861909945763,111.17364265809654,108.37787675781237,110.25574062500132,110.8464850000002,111.4993843749997,111.09654999999955,0.17070964238500475,48.1320828639558,39.47892680481916,NaN,NaN,NaN,NaN,0.03495229254110466,-0.08062876030743382,-0.11558105284853848,75.45666383701065,74.44420841884543
1763971200,111.15228044691186,111.282,111.09,111.209,111.83,110.602,111.21600000000001,NaN,NaN,NaN,NaN,NaN,111.1267482547944,111.17444723298846,111.07904927660036,111.2221462111825,111.03135029840631,111.09537499999956,111.29645871974647,110.89429128025266,111.09537499999956,111.19591685987302,110.9948331401261,111.30471246810635,111.17685696190594,108.38159863281237,110.26326015625132,110.8525237500002,111.49985937499972,111.09537499999956,0.17223038221464676,49.585217656871684,40.552201290403126,NaN,NaN,NaN,NaN,0.037929070155460834,-0.06816971515421244,-0.10609878530967327,79.26876206230935,76.20442728471204
1763974800,111.18064022345592,111.275,111.019,111.15550000000002,111.83,110.602,111.21600000000001,NaN,NaN,NaN,NaN,NaN,111.12840255207814,111.17474479069175,111.08206031346454,111.22108702930535,111.03571807485093,111.08792499999954,111.26733793811279,110.9085120618863,111.08792499999954,111.17763146905617,110.99821853094292,111.29886099876884,111.1749154199145,108.38529628906238,110.27137500000131,110.85787625000019,111.5002218749997,111.08792499999954,0.178213926342172,45.96589409983264,41.54103951569336,NaN,NaN,NaN,NaN,0.03535958952095705,-0.061899298408476966,-0.09725888792943402,77.43753014265741,77.38765201399242
1763978400,111.16807011172797,111.16807011172797,111.04,111.074,111.83,110.602,111.21600000000001,NaN,NaN,NaN,NaN,NaN,111.12622863250459,111.17185553300456,111.08060173200462,111.21748243350453,111.03497483150466,111.08108749999955,111.25145058793278,110.91072441206633,111.08108749999955,111.16626904396617,110.99590595603294,111.29004292038576,111.16574129083136,108.38894238281236,110.27920625000134,110.86265250000021,111.5003437499997,111.08108749999955,0.17463222529830008,41.05025939800875,42.24184288348565,NaN,NaN,NaN,NaN,0.027581031841742015,-0.0627825981272565,-0.09036362996899852,65.66245964068311,74.12291728188325
1763982000,111.12103505586398,111.194,111.056,111.11749999999999,111.83,110.602,111.21600000000001,NaN,NaN,NaN,NaN,NaN,111.12610667462434,111.17098607915635,111.08122727009233,111.21586548368836,111.03634786556032,111.09064999999956,111.24598209536082,110.9353179046383,111.09064999999956,111.16831604768018,111.01298395231893,111.28327653135102,111.1613557189376,108.39266777343737,110.28668828125133,110.8677062500002,111.50216249999971,111.09064999999956,0.1720156377769933,44.4640318402193,43.19540950481966,NaN,NaN,NaN,NaN,0.024859635661068163,-0.05928908539266331,-0.08414872105373147,55.943802633371185,66.34793080557053
1763985600,111.11926752793198,111.234,111.105,111.181,111.83,110.602,111.21600000000001,NaN,NaN,NaN,NaN,NaN,111.12814576944842,111.17308281096656,111.08320872793028,111.2180198524847,111.03827168641214,111.10282499999956,111.24592209065449,110.95972790934462,111.10282499999956,111.17437354532701,111.0312764546721,111.27926568698432,111.16314156267055,108.39643164062488,110.29423046875131,110.8723150000002,111.50474374999972,111.10282499999956,0.16894309222149312,49.09803542973791,44.25986079852014,NaN,NaN,NaN,NaN,0.026670323556966635,-0.05081081660752318,-0.07748114016448981,55.03325023206323,58.87983750203913
1763989200,111.15013376396598,111.334,111.15013376396598,111.26599999999999,111.83,110.602,111.21600000000001,NaN,NaN,NaN,NaN,NaN,111.13377848381482,111.18458125613054,111.0829757114991,111.23538402844626,111.03217293918338,111.11104999999957,111.27083435420779,110.95126564579134,111.11104999999957,111.19094217710368,111.03115782289545,111.27874546396532,111.17249232970049,108.40020722656239,110.30197890625132,110.8767462500002,111.50819999999973,111.11104999999957,0.1700090310652451,54.563384173100225,45.29404394088046,NaN,NaN,NaN,NaN,0.032538007409331285,-0.03680863090282571,-0.069346638312157,65.43477576049123,58.80394287530851
1763992800,111.20806688198299,111.418,111.20806688198299,111.32525,111.83,110.602,111.21600000000001,NaN,NaN,NaN,NaN,NaN,111.14754241151789,111.21625198712482,111.07883283591096,111.28496156273175,111.01012326030403,111.12361249999955,111.30746451042661,110.93976048957249,111.12361249999955,111.21553850521309,111.03168649478602,111.2805691712608,111.1863793906368,108.40400371093737,110.30972031250133,110.8813550000002,111.51165312499975,111.12361249999955,0.17286075156180042,57.9524365591452,46.22822042586159,NaN,NaN,NaN,NaN,0.038923478502740284,-0.020692290183731643,-0.05961576868647193,73.44294272963789,64.63698957406407
1763996400,111.26665844099149,111.442,111.076,111.2475,111.83,110.602,111.21600000000001,NaN,NaN,NaN,NaN,NaN,111.15747818395324,111.22997492451756,111.08498144338893,111.30247166508188,111.01248470282461,111.13624999999956,111.31766458001972,110.9548354199794,111.13624999999956,111.22695729000965,111.04554270998948,111.27927234101527,111.19193580966981,108.40770917968739,110.31731250000132,110.8856625000002,111.51336874999974,111.13624999999956,0.18665641216452894,52.426338829169694,46.83106390139593,NaN,NaN,NaN,NaN,0.03646701723747737,-0.014031997139625219,-0.05049901437710259,69.72866563571871,69.53546137528257
1764000000,111.25707922049574,111.25707922049574,111.102,111.16324999999999,111.83,110.602,111.21600000000001,NaN,NaN,NaN,NaN,NaN,111.15820244715526,111.22918429224462,111.0872206020659,111.30016613733399,111.01623875697653,111.14614999999958,111.30990838856766,110.9823916114315,111.14614999999958,111.22802919428362,111.06427080571554,111.27472244528919,111.18932800879074,108.41136816406238,110.32474609375133,110.8892875000002,111.51370937499976,111.14614999999958,0.1844008984739009,47.1767088139187,47.05099663083646,NaN,NaN,NaN,NaN,0.028099445301535395,-0.015374707750183347,-0.04347415305171874,54.958317780264984,66.04330871520715
1764003600,111.21016461024786,111.224,111.126,111.18350000000001,111.83,110.602,111.21600000000001,NaN,NaN,NaN,NaN,NaN,111.15872802080835,111.22882488910547,111.08863115251124,111.29892175740258,111.01853428421413,111.15726249999958,111.29784792496652,111.01667707503263,111.15726249999958,111.22755521248304,111.08696978751611,111.27114509449353,111.18879818980976,108.41505292968739,110.33232343750133,110.8928212500002,111.51266562499973,111.15726249999958,0.17822940572576504,48.51124800729218,47.44498736779627,NaN,NaN,NaN,NaN,0.023070447211250747,-0.014636094037655312,-0.03770654124890606,42.33648542159196,55.67448961252518
1764007200,111.19683230512393,111.198,111.146,111.16875,111.83,110.602,111.21600000000001,NaN,NaN,NaN,NaN,NaN,111.15897248513978,111.22838387272023,111.08956109755934,111.29779526030067,111.0201497099789,111.16546249999958,111.2874038043432,111.04352119565596,111.16546249999958,111.22643315217138,111.10449184782777,111.26712960059183,111.18697562709978,108.41871660156237,110.33980156250132,110.89632375000019,111.50862812499972,111.16546249999958,0.16921301960249555,47.5685396203232,47.90080326909943,NaN,NaN,NaN,NaN,0.01811143046893228,-0.015067253162740712,-0.03317868363167299,36.13081166272657,44.475204954861134
1764010800,111.18279115256198,111.209,111.082,111.14099999999999,111.83,110.602,111.21600000000001,NaN,NaN,NaN,NaN,NaN,111.1583554378549,111.22638661706051,111.09032425864928,111.29441779626613,111.02229307944366,111.16783749999959,111.28586750337065,111.04980749662853,111.16783749999959,111.22685250168513,111.10882249831405,111.26218334174509,111.18279602463616,108.42239628906239,110.3474257812513,110.8996612500002,111.50375312499973,111.16783749999959,0.1661978039166037,45.76660403459369,48.28886648710221,NaN,NaN,NaN,NaN,0.012585327288546121,-0.01744702452099034,-0.03003235180953646,34.37746256895192,37.614919884423436
1764014400,111.16189557628098,111.194,111.108,111.14125000000001,111.83,110.602,111.21600000000001,NaN,NaN,NaN,NaN,NaN,111.15812305246509,111.22542266825606,111.09082343667411,111.29272228404703,111.02352382088314,111.16622499999957,111.2847815153903,111.04766848460883,111.16622499999957,111.22550325769494,111.1069467423042,111.25744085775509,111.1790191133056,108.42606894531238,110.35498437500132,110.9029762500002,111.49905312499973,111.16622499999957,0.1604693893511319,45.78652857742401,48.4319507073995,NaN,NaN,NaN,NaN,0.008751682855482563,-0.019092748240183255,-0.02784443109566582,31.048069345941922,33.852114525873425
1764018000,111.1515727881405,111.262,111.141,111.1985,111.83,110.602,111.21600000000001,NaN,NaN,NaN,NaN,NaN,111.15918404605766,111.22596484795082,111.0924032441645,111.29274564984398,111.02562244227134,111.16841249999956,111.28765388011018,111.04917111988894,111.16841249999956,111.22803319005487,111.10879180994425,111.2551294515686,111.1807901030051,108.42979648437488,110.36228750000132,110.90628125000018,111.49527499999972,111.16841249999956,0.15765014725462212,50.290362116140955,48.58611351112702,NaN,NaN,NaN,NaN,0.009797464734941745,-0.015597600176988635,-0.02539506491193038,33.39243498817941,32.93932230102437
1764021600,111.17503639407025,111.251,111.17503639407025,111.208,111.442,110.934,111.18799999999999,NaN,NaN,NaN,NaN,NaN,111.21134546469007,111.21134546469007,111.21134546469007,111.21134546469007,111.21134546469007,111.1709874999996,111.29130805808057,111.05066694191862,111.1709874999996,111.23114777904009,111.11082722095911,111.25328123778161,111.18326373000463,108.43349746093739,110.36925781250133,110.90968250000019,111.48967187499973,111.1709874999996,0.1518153943028461,51.01755293818334,48.68842317407785,NaN,NaN,NaN,NaN,0.01077713103145243,-0.011923651122614842,-0.022700782154067272,38.672182821119456,34.37089571841354
1764025200,111.19151819703512,111.257,111.19151819703512,111.22575,111.442,110.934,111.18799999999999,NaN,NaN,NaN,NaN,NaN,111.21911848819285,111.22573823296749,111.21249874341821,111.23235797774213,111.20587899864357,111.17549999999957,111.29692281434458,111.05407718565456,111.17549999999957,111.23621140717208,111.11478859282707,111.25220158139801,111.18712611818603,108.43720839843738,110.37578671875133,110.91319875000019,111.48423749999972,111.17549999999957,0.14564870920727727,52.41813539373858,49.14929755221399,NaN,NaN,NaN,NaN,0.012165934100249163,-0.007493364528755819,-0.019659298629004982,44.440768968396725,38.83512892589848
1764028800,111.20863409851756,111.234,111.044,111.1385,111.442,110.934,111.18799999999999,NaN,NaN,NaN,NaN,NaN,111.16457236051845,111.20222887481903,111.12691584621787,111.2398853891196,111.08925933191729,111.17736249999959,111.2952642035663,111.05946079643287,111.17736249999959,111.23631335178295,111.11841164821622,111.24774269585299,111.1827055619873,108.44086562499987,110.38173281250135,110.91633875000018,111.47974062499972,111.17736249999959,0.14881665854961446,45.527024582017305,49.46906649392889,NaN,NaN,NaN,NaN,0.007009789494267719,-0.010897061761170335,-0.017906851255438054,38.210345772828795,40.44109918744827
1764032400,111.17356704925878,111.17356704925878,110.981,111.048,111.442,110.934,111.18799999999999,NaN,NaN,NaN,NaN,NaN,111.13399336611741,111.18880062273519,111.07918610949963,111.24360787935296,111.02437885288185,111.1754999999996,111.30014720137038,111.05085279862882,111.1754999999996,111.23782360068499,111.11317639931421,111.2399096489568,111.17045960180664,108.44450253906238,110.38752265625135,110.91935500000018,111.47391249999973,111.1754999999996,0.1519416864574123,39.697435489697014,49.128595326034436,NaN,NaN,NaN,NaN,-0.002201692032765528,-0.020658966296394965,-0.018457274263629437,28.161269604770506,36.937461448665296
1764036000,111.1107835246294,111.1107835246294,111.014,111.05175,111.442,110.934,111.18799999999999,NaN,NaN,NaN,NaN,NaN,111.12367043613595,111.18077037280325,111.06657049946865,111.23787030947055,111.00947056280135,111.17162499999958,111.30620531927698,111.03704468072218,111.17162499999958,111.23891515963828,111.10433484036088,111.23253083919379,111.15966781982422,108.44820624999988,110.39343671875137,110.9221212500002,111.46728437499974,111.17162499999958,0.14800181775541152,40.04004337784386,48.481595893756285,NaN,NaN,NaN,NaN,-0.007452266177786878,-0.027772606985863035,-0.020320340808076157,17.874804245377913,28.08213987432569
1764039600,111.0812667623147,111.0812667623147,111.002,111.053,111.442,110.934,111.18799999999999,NaN,NaN,NaN,NaN,NaN,111.1136923220965,111.17307116221784,111.05431348197516,111.23245000233918,110.99493464185382,111.16484999999959,111.30867518839256,111.02102481160662,111.16484999999959,111.23676259419607,111.09293740580311,111.22549041412736,111.14997074529475,108.45193242187489,110.39924453125136,110.9247750000002,111.45975312499972,111.16484999999959,0.14309217093821802,40.162083173095056,47.452931536613065,NaN,NaN,NaN,NaN,-0.010087535475924399,-0.03292976015298166,-0.02284222467705726,15.166305133768239,20.400792994638838
1764043200,111.06713338115735,111.105,111.049,111.07325,111.442,110.934,111.18799999999999,NaN,NaN,NaN,NaN,NaN,111.10818558837147,111.16468991909235,111.05168125765059,111.22119424981324,110.9951769269297,111.1580624999996,111.30567575037313,111.01044924962608,111.1580624999996,111.23186912518636,111.08425587481284,111.21952020180865,111.14299613208614,108.45565761718737,110.40500156250137,110.92747750000018,111.45209687499971,111.1580624999996,0.13687130158548796,42.214012495257975,46.32875838919255,NaN,NaN,NaN,NaN,-0.00970991004534692,-0.03497961223374091,-0.02526970218839399,16.99204627621219,16.67771855178606
1764046800,111.07019169057867,111.094,110.995,111.047,111.442,110.934,111.18799999999999,NaN,NaN,NaN,NaN,NaN,111.10144806900895,111.15826852445701,111.04462761356089,111.21508897990508,110.98780715811283,111.1526374999996,111.3080003388321,110.9972746611671,111.1526374999996,111.23031891941585,111.07495608058335,111.21275470369851,111.1342692109874,108.45932226562488,110.41064687500136,110.9299775000002,111.44297812499971,111.1526374999996,0.13416620861509523,40.2854949294801,45.461555253500435,NaN,NaN,NaN,NaN,-0.010409046835765677,-0.038281010733101084,-0.027871963897335407,19.705537243035913,17.28796288433873
1764050400,111.05859584528933,111.069,110.956,111.00675000000001,111.442,110.934,111.18799999999999,NaN,NaN,NaN,NaN,NaN,111.09363215762177,111.1536317828482,111.03363253239534,111.21363140807462,110.97363290716892,111.14927499999958,111.31393297076026,110.98461702923889,111.14927499999958,111.23160398537992,111.06694601461923,111.2046760878672,111.12267655544309,108.4629683593749,110.41620000000137,110.93252000000018,111.43247499999973,111.14927499999958,0.13265433657115983,37.459628132149994,44.76747806194553,NaN,NaN,NaN,NaN,-0.012616150390298547,-0.04364215188520859,-0.031026001494910044,20.02778593041225,18.908456483220068
1764054000,111.03267292264468,111.03267292264468,110.874,110.9445,111.442,110.934,111.18799999999999,NaN,NaN,NaN,NaN,NaN,111.07838030793106,111.15027410282185,111.00648651304026,111.22216789771265,110.93459271814946,111.14062499999959,111.32770142108212,110.95354857891705,111.14062499999959,111.23416321054086,111.04708678945832,111.19447310402927,111.10647868676645,108.46655917968738,110.42150937500135,110.93499375000019,111.42119687499971,111.14062499999959,0.13451280700498294,33.540975017743364,43.69817284840633,NaN,NaN,NaN,NaN,-0.017027952128283397,-0.05231094165526429,-0.03528298952698089,19.414204965678707,19.71584271304224
1764057600,110.98858646132234,110.992,110.793,110.89474999999999,111.442,110.934,111.18799999999999,NaN,110.934,NaN,NaN,NaN,111.0558677552541,111.14642780552983,110.96530770497837,111.23698785580555,110.87474765470265,111.12631249999961,111.3406558499783,110.91196915002092,111.12631249999961,111.23348417498896,111.01914082501027,111.18271925681243,111.08723062433313,108.47012890624987,110.42679531250135,110.93683250000018,111.40968437499973,111.12631249999961,0.13911903507605544,30.770546311387193,42.49831618348234,NaN,NaN,NaN,NaN,-0.02175381109327286,-0.06247525339357196,-0.0407214423002991,18.816722120624515,19.419571005571772
1764061200,110.94166823066116,110.94166823066116,110.634,110.7635,111.442,110.934,111.18799999999999,NaN,NaN,NaN,NaN,NaN,111.028909765256,111.14772933074232,110.91009019976968,111.26654889622864,110.79127063428336,111.10118749999961,111.3577845998893,110.84459040010992,111.10118749999961,111.22948604994446,110.97288895005477,111.16627928595705,111.05780056757557,108.47359550781239,110.43192500000134,110.93797375000018,111.39523749999974,111.10118749999961,0.15115826333213464,24.9220309293907,41.00941810453926,NaN,NaN,NaN,NaN,-0.03158033597310063,-0.08019686226667488,-0.048616526293574255,20.16207271662952,19.464333267644196
1764064800,110.85258411533059,110.85258411533059,110.691,110.76400000000001,111.442,110.934,111.18799999999999,NaN,NaN,NaN,NaN,NaN,111.00915658797419,111.14251444366799,110.87579873228039,111.2758722993618,110.74244087658658,111.07312499999959,111.3476980090861,110.79855199091308,111.07312499999959,111.21041150454285,110.93583849545634,111.15050362768422,111.0310914250687,108.47707128906238,110.43697890625135,110.93949375000017,111.3799968749997,111.07312499999959,0.1519029670463096,24.980528765838926,39.52327526085462,NaN,NaN,NaN,NaN,-0.03560878157855766,-0.09312750326677133,-0.05751872168821367,21.00558399992649,19.99479294572679
1764068400,110.8082920576653,110.844,110.778,110.803,111.442,110.934,111.18799999999999,NaN,NaN,NaN,NaN,NaN,110.99978632552023,111.13671141282462,110.86286123821584,111.27363650012902,110.72593615091145,111.05089999999959,111.33712842246459,110.76467157753459,111.05089999999959,111.19401421123209,110.90778578876709,111.1368760344417,111.01035584097154,108.48057539062488,110.44214687500134,110.94115000000018,111.36536874999972,111.05089999999959,0.14676704082871492,29.588902450339944,38.044599570440255,NaN,NaN,NaN,NaN,-0.03325378597387314,-0.0990859541555551,-0.06583216818168196,22.816153943148787,21.327936886568214
1764072000,110.80564602883265,110.894,110.724,110.783,111.442,110.934,111.18799999999999,NaN,NaN,NaN,NaN,NaN,110.98133227469613,111.12399962145548,110.83866492793678,111.26666696821484,110.69599758117742,111.03188749999958,111.33571374426198,110.72806125573719,111.03188749999958,111.18380062213078,110.8799743778684,111.12299854289496,110.98968712815595,108.4840578124999,110.44722812500133,110.94253500000019,111.35032812499972,111.03188749999958,0.14842653791237823,28.61802714981819,36.444633442699896,NaN,NaN,NaN,NaN,-0.030710675907974633,-0.10422051306665026,-0.07350983715867562,23.91465854215471,22.578798828409944
1764075600,110.79432301441634,110.79432301441634,110.61,110.69625,111.442,110.934,111.18799999999999,NaN,NaN,NaN,NaN,NaN,110.94155624614781,111.10610055908893,110.7770119332067,111.27064487203005,110.61246762026558,111.0075249999996,111.33595992095641,110.6790900790428,111.0075249999996,111.17174246047801,110.84330753952119,111.10626330591869,110.96301102559632,108.4874830078124,110.45205000000132,110.94310875000018,111.33339062499972,111.0075249999996,0.1509905719483752,24.814668765724903,34.47295725498463,NaN,NaN,NaN,NaN,-0.032372806591415795,-0.11397584539794536,-0.08160303880652957,21.62181802280134,22.784210169368226
1764079200,110.74528650720816,110.772,110.439,110.63125,111.442,110.934,111.18799999999999,NaN,NaN,NaN,NaN,NaN,110.90043051856553,111.08871453582472,110.71214650130634,111.27699855308391,110.52386248404714,110.98064999999959,111.33855824218726,110.62274175781191,110.98064999999959,111.15960412109342,110.80169587890575,111.08763533313757,110.93285093236028,108.49084296874992,110.45663906250134,110.94329000000018,111.31435937499971,110.98064999999959,0.163991245380635,22.41128624672129,32.82183308817777,NaN,NaN,NaN,NaN,-0.03512175070791651,-0.1255052271914252,-0.0903834764835087,21.30350912813584,22.27999523103058
1764082800,110.68826825360408,110.724,110.513,110.64125,111.442,110.934,111.18799999999999,NaN,NaN,NaN,NaN,NaN,110.86508759432228,111.06340804972308,110.66676713892147,111.26172850512388,110.46844668352067,110.9556624999996,111.33447228958107,110.57685271041814,110.9556624999996,111.14506739479035,110.76625760520886,111.0701300259557,110.90634175669116,108.49412558593743,110.46127343750132,110.9435962500002,111.29586249999973,110.9556624999996,0.1673490135677324,23.636665786953728,31.67463525226754,NaN,NaN,NaN,NaN,-0.03354140987560261,-0.13231023882801196,-0.09876882895240935,23.366806343936172,22.097377831624396
1764086400,110.66475912680204,110.757,110.649,110.7135,111.442,110.934,111.18799999999999,NaN,NaN,NaN,NaN,NaN,110.85607739765597,111.05214912770302,110.66000566760891,111.24822085775007,110.46393393756186,110.93427499999962,111.31703752076075,110.55151247923848,110.93427499999962,111.12565626038018,110.74289373961905,111.05614453474176,110.88881068790106,108.49742695312491,110.4664796875013,110.9444812500002,111.28080624999973,110.93427499999962,0.1636633697414662,31.993555607183865,31.099886125791823,NaN,NaN,NaN,NaN,-0.025281303956892917,-0.1303704588985255,-0.10508915494163258,32.49817328780265,25.722829586624837
1764090000,110.68912956340102,110.756,110.498,110.65474999999999,111.442,110.934,111.18799999999999,NaN,NaN,NaN,NaN,NaN,110.83561441077075,111.03295949328569,110.6382693282558,111.23030457580063,110.44092424574086,110.9070874999996,111.2881575482758,110.5260174517234,110.9070874999996,111.0976225241377,110.7165524758615,111.04040357259503,110.86753244354641,108.50066445312493,110.4715835937513,110.94549625000019,111.26595312499974,110.9070874999996,0.1704017004742183,29.195652429625227,30.316569644115408,NaN,NaN,NaN,NaN,-0.021569951846531266,-0.13205159474979666,-0.1104816429032654,34.57251188793611,30.14583050655826
1764093600,110.6719397817005,110.672,110.596,110.62875,111.442,110.934,111.18799999999999,NaN,NaN,NaN,NaN,NaN,110.8278116934576,111.02523697872866,110.63038640818655,111.22266226399971,110.4329611229155,110.87812499999961,111.25127880516199,110.50497119483724,110.87812499999961,111.06470190258081,110.69154809741842,111.02426029523836,110.84582494867855,108.50383925781242,110.47647109375131,110.9462012500002,111.24931874999973,110.87812499999961,0.1636587218689165,28.027486628497456,29.303246367918227,NaN,NaN,NaN,NaN,-0.018765034936144384,-0.13393793657344588,-0.1151729016373015,34.19352558665529,33.75473692079797
1764097200,110.65034489085025,110.656,110.565,110.608,111.442,110.934,111.18799999999999,NaN,NaN,NaN,NaN,NaN,110.82112385818809,111.01910364239764,110.62314407397854,111.21708342660719,110.42516428976899,110.8472374999996,111.20199444030305,110.49248055969613,110.8472374999996,111.02461597015133,110.66985902984786,111.00793636209175,110.8242044987987,108.50697910156241,110.48137109375132,110.94648625000018,111.23169999999973,110.8472374999996,0.15846881316399447,27.09570074500037,28.36111821188396,NaN,NaN,NaN,NaN,-0.016297480382439417,-0.13554475211535078,-0.11924727173291136,29.396585789716013,32.72087442143575
1764100800,110.62917244542513,110.76,110.582,110.65799999999999,111.442,110.934,111.18799999999999,NaN,NaN,NaN,NaN,NaN,110.81401907378681,111.01008015814872,110.6179579894249,111.20614124251064,110.42189690506298,110.82321249999958,111.16046475233021,110.48596024766896,110.82321249999958,110.99183862616489,110.65458637383428,110.99421336749992,110.8090949989079,108.5101593749999,110.48651562500132,110.94719750000019,111.21379999999974,110.82321249999958,0.15986389793799569,32.88576279297308,28.034413544799893,NaN,NaN,NaN,NaN,-0.009618486335720905,-0.1312703796525625,-0.12165189331684159,30.894620575769903,31.49491065071368
1764104400,110.64358622271256,110.756,110.64358622271256,110.715,111.442,110.934,111.18799999999999,NaN,NaN,NaN,NaN,NaN,110.81154496612827,111.00605108348357,110.61703884877296,111.20055720083887,110.42253273141766,110.80656249999959,111.13039316054267,110.4827318394565,110.80656249999959,110.96847783027113,110.64464716972805,110.9832638236764,110.80054090809809,108.5134384765624,110.49203046875132,110.94856125000017,111.19620937499974,110.80656249999959,0.15647460360581336,38.84826303736666,28.41350554620156,NaN,NaN,NaN,NaN,-0.0001813213856701329,-0.12187854504892925,-0.12169722366325912,37.87466005508479,32.72195547352357
1764108000,110.67929311135629,110.739,110.633,110.67649999999999,111.257,110.439,110.848,NaN,NaN,NaN,NaN,NaN,110.68283333333333,110.68283333333333,110.68283333333333,110.68283333333333,110.68283333333333,110.78779999999958,111.09572538030076,110.47987461969839,110.78779999999958,110.94176269015017,110.63383730984899,110.97123386980674,110.78926446190735,108.51675722656242,110.49801406250131,110.95028750000017,111.17719374999974,110.78779999999958,0.1528692747768273,36.49017377812895,28.822050365254544,NaN,NaN,NaN,NaN,0.004395726244625156,-0.11620256585747768,-0.12059829210210284,44.682148981057715,37.8171432039708
1764111600,110.67789655567813,110.784,110.656,110.71375,111.257,110.439,110.848,NaN,NaN,NaN,NaN,NaN,110.69435848181143,110.71083609016372,110.67788087345915,110.72731369851601,110.66140326510686,110.7708374999996,111.05491074176794,110.48676425823126,110.7708374999996,110.91287412088377,110.62880087911543,110.96113646314765,110.78239951082486,108.52015820312491,110.5049773437513,110.95304375000018,111.15874062499975,110.7708374999996,0.15109289800705392,40.268032276839456,29.918193318643738,NaN,NaN,NaN,NaN,0.010510779379911489,-0.10745981787721348,-0.11797059725712497,52.51402102491113,45.023610020351214
1764115200,110.69582327783907,110.875,110.688,110.78625,111.257,110.439,110.848,NaN,NaN,NaN,NaN,NaN,110.74035074193259,110.78613432752778,110.6945671563374,110.83191791312296,110.64878357074221,110.7564874999996,111.00474293639921,110.50823206359998,110.7564874999996,110.8806152181994,110.63235978179979,110.95427817047519,110.78274955529533,108.52359628906238,110.51268515625131,110.95626750000015,111.14443124999976,110.7564874999996,0.15365769100654988,46.889870088538416,31.483146270265134,NaN,NaN,NaN,NaN,0.019494879836882514,-0.09360199746102182,-0.11309687729790434,61.31705343553767,52.837741147168835
1764118800,110.74103663891952,110.994,110.647,110.79825,111.257,110.439,110.848,NaN,NaN,NaN,NaN,NaN,110.7693945715206,110.81967368364543,110.71911545939578,110.86995279577026,110.66883634727095,110.7440499999996,110.95495593830697,110.53314406169224,110.7440499999996,110.84950296915329,110.63859703084592,110.94815941869184,110.78415868663211,108.52705566406239,110.52038437500133,110.95953375000016,111.13303749999974,110.7440499999996,0.16746785593465305,47.919020341984016,32.79244040538257,NaN,NaN,NaN,NaN,0.025900880745392513,-0.0807207763661637,-0.10662165711155622,67.14434214434185,60.32513886826356
1764122400,110.76964331945976,110.77,110.578,110.68125,111.257,110.439,110.848,NaN,NaN,NaN,NaN,NaN,110.7485224547158,110.80739090701213,110.68965400241946,110.86625935930847,110.63078555012312,110.72777499999958,110.90215482202872,110.55339517797044,110.72777499999958,110.81496491101414,110.64058508898502,110.93769238266471,110.77480335148374,108.5304101562499,110.5274445312513,110.96272000000017,111.11979374999973,110.72777499999958,0.17123800908217732,39.81752817077635,33.59240476402244,NaN,NaN,NaN,NaN,0.022063653671076613,-0.07904209002271045,-0.10110574369378707,61.56568656568655,63.34236071518868
1764126000,110.72544665972988,110.78,110.644,110.71375,111.257,110.439,110.848,NaN,NaN,NaN,NaN,NaN,110.74418749313412,110.80061878760279,110.68775619866545,110.85705008207145,110.63132490419679,110.71623749999958,110.85948994049353,110.57298505950563,110.71623749999958,110.78786372024655,110.64461127975261,110.92891032844256,110.7692530468034,108.5337591796874,110.53434218750131,110.96596500000018,111.10684687499975,110.71623749999958,0.16872100843345006,42.71475211150984,34.87098214586422,NaN,NaN,NaN,NaN,0.021497776736379898,-0.07423352277331219,-0.09573129950969209,52.627627627628634,60.44588544588567
1764129600,110.71959832986494,110.914,110.71959832986494,110.83,111.257,110.439,110.848,NaN,NaN,NaN,NaN,NaN,110.75215189258864,110.81050496028662,110.69379882489066,110.8688580279846,110.63544575719268,110.71299999999958,110.84220671360565,110.58379328639352,110.71299999999958,110.77760335680262,110.64839664319655,110.92503149203304,110.774775497094,108.5372292968749,110.5417210937513,110.96944375000017,111.09466562499975,110.71299999999958,0.17097307925963198,51.67601240352839,36.9613197284933,NaN,NaN,NaN,NaN,0.02830771445959332,-0.06034665643520043,-0.08865437089479375,53.362879008041176,55.85206440045212
1764133200,110.77479916493246,110.958,110.77479916493246,110.89325000000001,111.257,110.439,110.848,NaN,NaN,NaN,NaN,NaN,110.76789954052563,110.83617777194756,110.6996213091037,110.90445600336949,110.63134307768178,110.7194874999996,110.8695341150526,110.5694408849466,110.7194874999996,110.79451080752611,110.6444641924731,110.92378515901214,110.78554590644909,108.54071640624991,110.54939765625132,110.97318250000016,111.08405937499974,110.7194874999996,0.17184649038876815,55.7334703147453,39.253948623335546,NaN,NaN,NaN,NaN,0.035936826539130856,-0.04373333772088017,-0.07967016426001103,65.3758294584916,57.12211203138714
1764136800,110.83402458246624,111.063,110.83402458246624,110.9755,111.257,110.439,110.848,NaN,NaN,NaN,NaN,NaN,110.78355955069225,110.86723105721062,110.69988804417387,110.95090256372899,110.6162165376555,110.73006249999958,110.91655344270659,110.54357155729257,110.73006249999958,110.82330797135309,110.63681702864606,110.92581319199206,110.80281446040826,108.5442832031249,110.55735937500133,110.97747875000017,111.07479687499975,110.73006249999958,0.17592712804198188,60.39089987514399,41.28233035676127,NaN,NaN,NaN,NaN,0.04481007888901087,-0.023657565648747436,-0.0684676445377583,77.04541940241697,65.26137595631658
1764140400,110.90476229123311,111.188,110.90476229123311,111.06949999999999,111.257,110.439,110.848,NaN,NaN,NaN,NaN,NaN,110.81064879019036,110.92420253609868,110.69709504428204,111.037756282007,110.58354129837372,110.74338749999959,110.98013258801623,110.50664241198294,110.74338749999959,110.86176004400791,110.62501495599126,110.93144796877668,110.82705860037115,108.5479308593749,110.56572734375133,110.98202625000017,111.06724999999975,110.74338749999959,0.18359216952233245,64.93197564852498,43.83492487239697,NaN,NaN,NaN,NaN,0.05464571002273429,-0.00016050700934044926,-0.054806217032074736,81.7266358542021,74.71596157170356
1764144000,110.98713114561656,111.187,110.98713114561656,111.1245,111.257,110.439,110.848,NaN,NaN,NaN,NaN,NaN,110.83935930327227,110.97750062355715,110.7012179829874,111.11564194384202,110.56307666270253,110.76046249999959,111.04962946162293,110.47129553837625,110.76046249999959,110.90504598081125,110.61587901918793,110.9390186366678,110.85409872761014,108.55160761718741,110.57412109375132,110.98680250000018,111.05990937499973,110.76046249999959,0.18475478986955435,67.29464100195116,46.63972161335795,NaN,NaN,NaN,NaN,0.061955503981432666,0.0226381629447161,-0.039317341036716566,85.09993039673743,81.29066188445218
1764147600,111.05581557280829,111.142,111.022,111.09649999999999,111.257,110.439,110.848,NaN,NaN,NaN,NaN,NaN,110.85652538702652,111.00387806667759,110.70917270737546,111.15123074632865,110.5618200277244,110.7804749999996,111.10261646321001,110.45833353678918,110.7804749999996,110.9415457316048,110.61940426839439,110.94519437640632,110.8761352069183,108.55526582031239,110.58234296875132,110.99141500000017,111.05200624999975,110.7804749999996,0.18012944773601405,64.89747165344943,49.33984810681859,NaN,NaN,NaN,NaN,0.061860885431504795,0.03800876575266443,-0.023852119678840364,85.26217228464282,84.02957951186079
1764151200,111.07615778640414,111.111,111.03,111.08275,111.257,110.439,110.848,NaN,NaN,NaN,NaN,NaN,110.86785466835724,111.01927065895444,110.71643867776004,111.17068664955164,110.56502268716284,110.80304999999957,111.14298678065195,110.46311321934719,110.80304999999957,110.97301839032576,110.63308160967338,110.95058871458646,110.89491836992573,108.5588933593749,110.59067500000131,110.99593750000018,111.04397187499974,110.80304999999957,0.17304877289772755,63.697502749880115,51.540686675169106,NaN,NaN,NaN,NaN,0.05789869286754018,0.04852124640558486,-0.009377446461955319,85.85109508898348,85.40439925678793
1764154800,111.07945389320207,111.162,111.02,111.0855,111.257,110.439,110.848,NaN,NaN,NaN,NaN,NaN,110.88536807178322,111.04247220704293,110.7282639365235,111.19957634230265,110.57115980126379,110.82526249999958,111.1778290706004,110.47269592939877,110.82526249999958,111.0015457853,110.64897921469917,110.95587935323013,110.91224397265975,108.5624804687499,110.5990460937513,111.0005425000002,111.03675312499972,110.82526249999958,0.17083100340503346,63.84150432657632,53.32591819582694,NaN,NaN,NaN,NaN,0.05264111314059021,0.056423944963782446,0.0037828318231922353,83.64754098360572,84.92026945241066
1764158400,111.08247694660103,111.126,111.012,111.063,111.257,110.439,110.848,NaN,NaN,NaN,NaN,NaN,110.90001231388456,111.05855925265539,110.74146537511373,111.21710619142621,110.58291843634291,110.84273749999959,111.20590046162718,110.47957453837199,110.84273749999959,111.02431898081339,110.66115601918578,110.96008016290737,110.92594906605432,108.56602871093737,110.6073765625013,111.0051300000002,111.03004687499974,110.84273749999959,0.16677164601895994,61.68550616372128,55.12558479479782,NaN,NaN,NaN,NaN,0.04511584509628687,0.06017763819355082,0.015061793097263953,81.81693989071012,83.7718586544331
1764162000,111.07273847330052,111.162,111.014,111.08925,111.257,110.439,110.848,NaN,NaN,NaN,NaN,NaN,110.92146914442334,111.08226871145345,110.76066957739323,111.24306827848356,110.59987001036312,110.86446249999958,111.23200196280503,110.49692303719412,110.86446249999958,111.04823223140231,110.68069276859684,110.96514564671493,110.94079460550392,108.5695716796874,110.61545781250129,111.00999125000018,111.02354687499974,110.86446249999958,0.16543081416046354,63.24503276640061,56.76679911548075,NaN,NaN,NaN,NaN,0.039572003907025276,0.06452679798104555,0.02495479407402027,82.17213114754088,82.5455373406189
1764165600,111.08099423665027,111.218,111.076,111.15875,111.257,110.439,110.848,NaN,NaN,NaN,NaN,NaN,110.9373164644366,111.10301393851148,110.77161899036173,111.26871141258636,110.60592151628686,110.89096249999957,111.2630985056754,110.51882649432375,110.89096249999957,111.07703050283749,110.70489449716166,110.97273797429473,110.9606087322763,108.57318281249988,110.62325781250131,111.01492875000018,111.01849374999975,110.89096249999957,0.16375718457757402,67.0671120497448,58.20803068413835,NaN,NaN,NaN,NaN,0.03823062135841135,0.07274307077203446,0.03451244941362311,84.6872865437158,82.89211919398893
1764169200,111.11987211832513,111.353,111.11987211832513,111.24575,111.257,110.439,110.848,NaN,NaN,NaN,NaN,NaN,110.96137792789628,111.14015931811817,110.7825965376744,111.31894070834005,110.60381514745251,110.92284999999956,111.30176850688011,110.543931493119,110.92284999999956,111.11230925343983,110.73339074655928,110.98344432824396,110.98653066570573,108.57687363281238,110.6311960937513,111.02027875000017,111.01734687499973,110.92284999999956,0.16871223437023736,71.11619919906552,59.864972031072746,NaN,NaN,NaN,NaN,0.04062324975781377,0.08529151161089032,0.044668261853076555,86.90498441080575,84.5881340340208
1764172800,111.18281105916256,111.318,111.18281105916256,111.27324999999999,111.257,110.439,110.848,111.257,NaN,NaN,NaN,NaN,110.97909847873503,111.16617084822009,110.79202610924996,111.35324321770516,110.6049537397649,110.95361249999955,111.34132481181821,110.56590018818089,110.95361249999955,111.14746865590888,110.75975634409022,110.99480925654812,111.01259605973247,108.5805697265624,110.63921250000132,111.02588000000019,111.01735624999974,110.95361249999955,0.16631771340360882,72.27650743141143,62.18347054968954,NaN,NaN,NaN,NaN,0.04134111874468486,0.09634466028393263,0.05500354153924777,88.5517469563747,86.7146726369654
1764176400,111.22803052958128,111.401,111.22803052958128,111.33025,111.257,110.439,110.848,NaN,NaN,NaN,NaN,NaN,110.98747299392889,111.17961487931089,110.79533110854689,111.37175676469289,110.60318922316489,110.98437499999957,111.38875042870156,110.57999957129759,110.98437499999957,111.18656271435056,110.78218728564859,111.00796379550702,111.04147369066588,108.5841832031249,110.64729062500132,111.03158375000017,111.01746874999974,110.98437499999957,0.16679283890468827,74.55789426475638,64.45798070349285,NaN,NaN,NaN,NaN,0.042760045409308514,0.10845359830088341,0.0656935528915749,88.17668129671802,87.87780422129947
1764180000,111.27914026479064,111.472,111.27914026479064,111.39999999999999,111.257,110.439,110.848,NaN,NaN,NaN,NaN,NaN,110.99484929504709,111.19258552958377,110.79711306051041,111.39032176412044,110.59937682597374,111.02054999999955,111.4375348796548,110.60356512034429,111.02054999999955,111.22904243982717,110.81205756017192,111.02333776431067,111.07406699151444,108.58772734374989,110.65572968750129,111.03749250000017,111.01993437499975,111.02054999999955,0.16865476006930719,77.0470058964849,66.27019452441833,NaN,NaN,NaN,NaN,0.04526021538490485,0.12226882212270596,0.0770086067378011,89.34724785382588,88.69189203563951
1764183600,111.33957013239532,111.498,111.33957013239532,111.45075,111.257,110.439,110.848,NaN,NaN,NaN,NaN,NaN,111.0037725883049,111.20894362863434,110.79860154797545,111.41411466896379,110.593430507646,111.05739999999955,111.48941141173563,110.62538858826346,111.05739999999955,111.27340570586759,110.8413942941315,111.04009902845534,111.10831090137677,108.5913279296874,110.66469453125133,111.04388875000016,111.02240937499975,111.05739999999955,0.1679244106075482,78.6812942103282,67.90932480267425,NaN,NaN,NaN,NaN,0.0469913318806032,0.1357477715885551,0.08875643970795191,90.72458440135442,89.41617118396609
1764187200,111.39516006619766,111.461,111.39516006619766,111.434,111.257,110.439,110.848,NaN,NaN,NaN,NaN,NaN,111.01107750635252,111.22187214711859,110.80028286558645,111.43266678788466,110.58948822482039,111.08978749999953,111.53261828794628,110.64695671205278,111.08978749999953,111.3112028939729,110.86837210602616,111.05554612537867,111.1379190012516,108.5949560546874,110.67382421875132,111.05142500000018,111.02492812499978,111.08978749999953,0.16063266226431885,76.73920108106944,69.0770606030975,NaN,NaN,NaN,NaN,0.04373487750848282,0.14342503659355543,0.09969015908507262,90.58950237996665,90.2204448783823
1764190800,111.41458003309883,111.463,111.403,111.42675,111.257,110.439,110.848,NaN,NaN,NaN,NaN,NaN,111.01853257005376,111.23467999921694,110.80238514089059,111.45082742838011,110.58623771172742,111.12121249999954,111.56602583921492,110.67639916078417,111.12121249999954,111.34361916960724,110.89880583039185,111.0701031400697,111.16417636477418,108.5985580078124,110.68212031250133,111.05975000000016,111.02645624999977,111.12121249999954,0.15344461495972378,75.86631925815443,69.85808514664245,NaN,NaN,NaN,NaN,0.03802960623470311,0.1472271668784515,0.10919756064374839,89.38289640982175,90.23232773038092
1764194400,111.4206650165494,111.427,111.354,111.39675,111.498,110.578,111.03800000000001,NaN,NaN,NaN,NaN,NaN,111.39258333333333,111.39258333333333,111.39258333333333,111.39258333333333,111.39258333333333,111.15698749999953,111.56833927981829,110.74563572018077,111.15698749999953,111.36266338990892,110.95131161009014,111.08291282085129,111.18531942252199,108.60218164062489,110.68964765625131,111.06695250000017,111.02878124999977,111.15698749999953,0.14769857103402975,72.20631741657193,70.20891917625822,NaN,NaN,NaN,NaN,0.029550014699056187,0.14613507901756861,0.11658506431851243,84.8105277356671,88.26097550848515
1764198000,111.4087075082747,111.436,111.29,111.34975,111.498,110.578,111.03800000000001,NaN,NaN,NaN,NaN,NaN,111.37725761551918,111.3941749670355,111.36034026400287,111.41109231855181,111.34342291248656,111.18878749999953,111.55389694489838,110.82367805510069,111.18878749999953,111.37134222244896,111.00623277755011,111.09337702395516,111.20026765683816,108.6058294921874,110.6973781250013,111.07335625000017,111.03407499999976,111.18878749999953,0.1475772445315991,66.77150288880773,70.34277855021239,NaN,NaN,NaN,NaN,0.01862379642519836,0.13986480985001037,0.12124101342481201,78.23857450793248,84.14399955114042
1764201600,111.37922875413736,111.37922875413736,111.056,111.2065,111.498,110.578,111.03800000000001,NaN,NaN,NaN,NaN,NaN,111.30316131746937,111.38543888459684,111.22088375034191,111.4677164517243,111.13860618321445,111.20761249999953,111.53350272194129,110.88172227805777,111.20761249999953,111.37055761097041,111.04466738902865,111.09781321909416,111.20083423348925,108.6093767578124,110.70495156250131,111.07850875000018,111.03743749999975,111.20761249999953,0.16012378093201063,53.54341541914894,69.6174865980173,NaN,NaN,NaN,NaN,0.0005519527858004608,0.12193095440706259,0.12137900162126213,62.89437585733838,75.31449270031263
1764205200,111.29286437706868,111.29286437706868,110.965,111.16,111.498,110.578,111.03800000000001,NaN,NaN,NaN,NaN,NaN,111.25032256172462,111.3525661513789,111.14807897207034,111.45480974103317,111.04583538241606,111.22094999999953,111.51451688314867,110.9273831168504,111.22094999999953,111.3677334415741,111.07416655842496,111.1002519163846,111.19712203044477,108.61289160156241,110.71217968750129,111.08290750000016,111.03816874999977,111.22094999999953,0.17210525208462976,50.0754573584165,68.63419752886303,NaN,NaN,NaN,NaN,-0.01487817353076773,0.10278128470780246,0.11765945823857019,48.700608919669,63.277853094979925
1764208800,111.22643218853435,111.345,111.162,111.24950000000001,111.498,110.578,111.03800000000001,NaN,NaN,NaN,NaN,NaN,111.25062774315101,111.34403131423413,111.1572241720679,111.43743488531724,111.06382060098478,111.23464999999953,111.505841140866,110.96345885913307,111.23464999999953,111.37024557043277,111.0990544295663,111.10610478240872,111.20188366404071,108.61652324218741,110.71914843750127,111.08805125000018,111.04036249999979,111.23464999999953,0.17302630550715636,55.984632526456004,68.22699226905836,NaN,NaN,NaN,NaN,-0.01913053724313711,0.0937462866846488,0.1128768239277859,43.32768422651014,51.64088966783914
1764212400,111.23796609426718,111.299,111.195,111.25,111.498,110.578,111.03800000000001,NaN,NaN,NaN,NaN,NaN,111.25020147508351,111.33569963931551,111.16470331085152,111.4211978035475,111.07920514661953,111.24367499999953,111.50408055368013,110.98326944631893,111.24367499999953,111.37387777683982,111.11347222315923,111.11174773211819,111.20625787640064,108.6201789062499,110.72539687500128,111.09331375000018,111.04355312499979,111.24367499999953,0.16809585511378902,56.01595381353079,67.71062948671052,NaN,NaN,NaN,NaN,-0.021790149687621913,0.08563913681825852,0.10742928650588043,47.81113195747319,46.61314170121741
1764216000,111.24398304713358,111.262,111.166,111.21525,111.498,110.578,111.03800000000001,NaN,NaN,NaN,NaN,NaN,111.24630977203869,111.32779030687577,111.1648292372016,111.40927084171285,111.08334870236452,111.24821249999952,111.50326103805094,110.99316396194811,111.24821249999952,111.37573676902524,111.12068823097381,111.11580664458414,111.2070753421824,108.62379199218739,110.7312437500013,111.09841625000017,111.04667812499979,111.24821249999952,0.16294615117709005,53.18338337477614,66.71893458135561,NaN,NaN,NaN,NaN,-0.02551194370572911,0.07553935687371904,0.10105130057944815,51.266416510318756,47.468410898100664
1764219600,111.22961652356679,111.22961652356679,111.076,111.16725,111.498,110.578,111.03800000000001,NaN,NaN,NaN,NaN,NaN,111.23193958659722,111.31337233666078,111.15050683653367,111.39480508672433,111.06907408647011,111.25174999999953,111.50015964127725,111.00334035872181,111.25174999999953,111.3759548206384,111.12754517936067,111.11782403107104,111.20345485652946,108.62732929687488,110.73705234375129,111.10321875000018,111.0492531249998,111.25174999999953,0.16227974920492622,49.462738240948944,65.172258798633,NaN,NaN,NaN,NaN,-0.03049182712923558,0.06293651666790367,0.09342834379713925,46.1225766103803,48.400041692724045
1764223200,111.19843326178339,111.32,111.138,111.22575,111.498,110.578,111.03800000000001,NaN,NaN,NaN,NaN,NaN,111.2315448515182,111.30888857993644,111.15420112309995,111.38623230835468,111.07685739468171,111.25889999999951,111.49538648987804,111.02241351012098,111.25889999999951,111.37714324493878,111.14065675506025,111.12205642200942,111.20548168775406,108.63090546874989,110.7427156250013,111.10831750000017,111.05201562499978,111.25889999999951,0.16368833854743062,53.71286515331491,63.84628435019753,NaN,NaN,NaN,NaN,-0.02913312466242511,0.05701193796910786,0.08614506263153297,44.60600375234435,47.33166562434777
1764226800,111.2120916308917,111.373,111.2120916308917,111.28925,111.498,110.578,111.03800000000001,NaN,NaN,NaN,NaN,NaN,111.233866191891,111.31057277935021,111.15715960443178,111.38727936680942,111.08045301697257,111.26908749999953,111.49198081923404,111.04619418076501,111.26908749999953,111.38053415961679,111.15764084038227,111.12861303291102,111.21309698886732,108.63447812499987,110.7483367187513,111.11362000000017,111.0544624999998,111.26908749999953,0.16348976930177833,57.85599495322022,62.65329154223066,NaN,NaN,NaN,NaN,-0.023487256183593513,0.056785992402041074,0.08027324858563459,49.2338961851147,46.65415884927975
1764230400,111.25067081544586,111.422,111.244,111.3295,111.498,110.578,111.03800000000001,NaN,NaN,NaN,NaN,NaN,111.2387633451398,111.31651651759508,111.16101017268453,111.39426969005035,111.08325700022925,111.28241249999954,111.48540691308706,111.07941808691201,111.28241249999954,111.3839097065433,111.18091529345577,111.13649095318902,111.22367908078847,108.63807246093738,110.75409140625132,111.11913000000018,111.05641249999978,111.28241249999954,0.1645262143516511,60.28274111299266,61.45584405769551,NaN,NaN,NaN,NaN,-0.016880469335598586,0.05917266191613635,0.07605313125173493,59.380863039398626,51.073587658952526
1764234000,111.29008540772293,111.414,111.29008540772293,111.365,111.498,110.578,111.03800000000001,NaN,NaN,NaN,NaN,NaN,111.24294975211426,111.32235458877382,111.1635449154547,111.40175942543338,111.08414007879513,111.29619999999954,111.48153251162873,111.11086748837036,111.29619999999954,111.38886625581414,111.20353374418495,111.14545209227965,111.23652643708043,108.64175273437486,110.75955156250131,111.12495000000017,111.05904062499978,111.29619999999954,0.1616253842034671,62.342368683277144,60.28877794862042,NaN,NaN,NaN,NaN,-0.010282396052601131,0.06320013618598352,0.07348253223858466,69.84755783609624,59.48743902020316
1764237600,111.32754270386147,111.32754270386147,111.276,111.304,111.498,110.578,111.03800000000001,NaN,NaN,NaN,NaN,NaN,111.2442046140659,111.32323287911564,111.16517634901615,111.40226114416538,111.0861480839664,111.30346249999953,111.47773479201994,111.12919020797911,111.30346249999953,111.39059864600974,111.21632635398932,111.1516696572883,111.24266039734584,108.64542324218738,110.76468593750133,111.13046250000019,111.0608843749998,111.30346249999953,0.1564378567603622,56.88373788930877,58.87053057778037,NaN,NaN,NaN,NaN,-0.01017063506553667,0.06076923840666382,0.07093987347220049,72.26002195147043,67.16281427565507
1764241200,111.31577135193074,111.336,111.268,111.30325,111.498,110.578,111.03800000000001,NaN,NaN,NaN,NaN,NaN,111.24597004438685,111.32442837346258,111.16751171531112,111.40288670253831,111.08905338623539,111.30633749999954,111.47859205508058,111.1340829449185,111.30633749999954,111.39246477754007,111.22021022245902,111.15761398445346,111.24816854304167,108.64910039062488,110.76967109375134,111.13578375000019,111.06298124999981,111.30633749999954,0.15012086699176477,56.81786579823385,57.50992675921462,NaN,NaN,NaN,NaN,-0.01026203248077455,0.0581123328712323,0.06837436535200685,73.40295364046445,71.83684447601034
1764244800,111.30951067596537,111.398,111.307,111.34825000000001,111.498,110.578,111.03800000000001,NaN,NaN,NaN,NaN,NaN,111.24800162238343,111.32703423219985,111.168969012567,111.40606684201627,111.08993640275058,111.31008749999953,111.48256288015071,111.13761211984834,111.31008749999953,111.39632519007512,111.22384980992393,111.16508990663176,111.25726685731061,108.65283613281238,110.77485234375133,111.14148875000019,111.0660687499998,111.31008749999953,0.1461658050637809,59.82404886653851,56.6254790056408,NaN,NaN,NaN,NaN,-0.007532927075743628,0.058958206507327304,0.06649113358307093,73.7523341774746,73.13843658980312
1764248400,111.3288803379827,111.38,111.275,111.32974999999999,111.498,110.578,111.03800000000001,NaN,NaN,NaN,NaN,NaN,111.25024585083868,111.32928085851906,111.1712108431583,111.40831586619943,111.09217583547793,111.31006249999955,111.48252632733194,111.13759867266715,111.31006249999955,111.39629441366574,111.22383058633335,111.17154716519522,111.26385623391873,108.65657187499987,110.77979921875132,111.1469562500002,111.0691249999998,111.31006249999955,0.14322539041636725,58.03530766426849,56.001465061030856,NaN,NaN,NaN,NaN,-0.0072143019479995185,0.05747325614807153,0.06468755809607105,77.66623925072068,74.94050902288654
1764252000,111.32931516899134,111.38,111.268,111.328,111.498,110.578,111.03800000000001,NaN,NaN,NaN,NaN,NaN,111.25172347853221,111.33066888028415,111.17277807678028,111.40961428203609,111.09383267502834,111.30646249999954,111.47420793732356,111.13871706267552,111.30646249999954,111.39033521866155,111.22258978133753,111.17768257048168,111.26968748538066,108.66028457031237,110.78465781250134,111.15212750000019,111.07160937499982,111.30646249999954,0.14099500538662638,57.85907184798046,56.30972623451883,NaN,NaN,NaN,NaN,-0.007337833292629076,0.05551526648028471,0.06285309977291378,80.20483444600832,77.2078026247345
1764255600,111.32865758449567,111.432,111.32865758449567,111.39375000000001,111.498,110.578,111.03800000000001,NaN,NaN,NaN,NaN,NaN,111.2547422849511,111.3352632511358,111.17422131876641,111.41578421732049,111.09370035258172,111.30361249999956,111.4631934723485,111.14403152765063,111.30361249999956,111.38340298617403,111.22382201382509,111.18615580301181,111.2809658958006,108.66400585937485,110.78948828125132,111.1575000000002,111.07417499999981,111.30361249999956,0.1383525050018673,62.470326073986236,57.19507399991666,NaN,NaN,NaN,NaN,-0.0034076073168689755,0.05859359062682756,0.06200119794369654,82.83356485465447,80.2348795171278
1764259200,111.36120379224784,111.43,111.36120379224784,111.40474999999999,111.498,110.578,111.03800000000001,NaN,NaN,NaN,NaN,NaN,111.25713252905791,111.33907275775772,111.1751923003581,111.42101298645753,111.0932520716583,111.30214999999957,111.4574017627867,111.14689823721244,111.30214999999957,111.37977588139313,111.22452411860601,111.19472812446233,111.29221899618237,108.66775566406235,110.79399531250132,111.1627712500002,111.07662187499982,111.30214999999957,0.13338419805546048,63.19591821148146,57.71016583456133,NaN,NaN,NaN,NaN,-0.0006288441947127563,0.06121514270030559,0.06184398689501835,87.0107319351909,83.3497104119512
1764262800,111.38297689612392,111.457,111.38297689612392,111.428,111.498,110.578,111.03800000000001,NaN,NaN,NaN,NaN,NaN,111.25869628707284,111.34180566539372,111.17558690875195,111.4249150437146,111.09247753043107,111.30221249999957,111.45766573001934,111.1467592699798,111.30221249999957,111.37993911500945,111.22448588498969,111.20387604115008,111.30456272380215,108.67155253906235,110.79836328125134,111.1682950000002,111.08002812499981,111.30221249999957,0.1291441198997899,64.7473219962298,58.333834990468404,NaN,NaN,NaN,NaN,0.0020657366086953635,0.06442615765588755,0.06236042104719219,91.32985834635885,87.05805171206804
1764266400,111.40548844806196,111.477,111.40548844806196,111.45525,111.498,110.578,111.03800000000001,NaN,NaN,NaN,NaN,NaN,111.2595319086104,111.34338942608188,111.17567439113891,111.42724694355337,111.09181687366743,111.30513749999957,111.46953978623404,111.14073521376511,111.30513749999957,111.3873386431168,111.22293635688234,111.21373384345792,111.31826156709286,108.67538476562486,110.80294062500134,111.1738350000002,111.08479374999983,111.30513749999957,0.1250275079025224,66.52820774900445,59.28703673148471,NaN,NaN,NaN,NaN,0.004816861610967393,0.06838149806090144,0.06356463644993404,93.10333897064017,90.48130975072992
1764270000,111.43036922403098,111.471,111.43036922403098,111.45325,111.498,110.578,111.03800000000001,NaN,NaN,NaN,NaN,NaN,111.2607031054354,111.34563070200345,111.17577550886735,111.4305582985715,111.0908479122993,111.31031249999955,111.48612602829068,111.13449897170842,111.31031249999955,111.39821926414513,111.22240573585398,111.22312663391055,111.3305332428117,108.67919667968735,110.80751015625133,111.1792600000002,111.08899062499981,111.31031249999955,0.11899916990727229,66.26362149028202,60.48709982072278,NaN,NaN,NaN,NaN,0.005581563634375189,0.07054159099290302,0.06496002735852784,93.31953719630955,92.58424483776948
1764273600,111.44180961201549,111.454,111.41,111.43475000000001,111.498,110.578,111.03800000000001,NaN,NaN,NaN,NaN,NaN,111.26348810379528,111.35048185554807,111.1764943520425,111.43747560730085,111.08950060028971,111.32172499999956,111.4987305009219,111.14471949907723,111.32172499999956,111.41022775046072,111.2332222495384,111.23142558944348,111.34000749346518,108.68294726562485,110.81207968750132,111.1846137500002,111.09216249999982,111.32172499999956,0.1136420863424669,63.738458398917345,61.203213623980105,NaN,NaN,NaN,NaN,0.0039954143088345995,0.06995429524457109,0.06595888093573649,90.54041638438294,92.32109751711084
1764277200,111.43827980600776,111.43827980600776,111.412,111.426,111.498,110.578,111.03800000000001,NaN,NaN,NaN,NaN,NaN,111.2654825737909,111.35376455574065,111.17720059184116,111.4420465376904,111.08891860989141,111.33502499999956,111.50105827183557,111.16899172816355,111.33502499999956,111.41804163591756,111.25200836408156,111.23905595848491,111.34782499405925,108.68672812499986,110.81662500000132,111.1899187500002,111.09416249999981,111.33502499999956,0.10740192346141571,62.524824346088906,61.536701437756435,NaN,NaN,NaN,NaN,0.0016320613347620555,0.06799895760418906,0.066366896269427,85.05225909520203,89.63740422529814
1764280800,111.43213990300387,111.43213990300387,111.37,111.3875,111.477,110.965,111.221,NaN,NaN,NaN,NaN,NaN,111.39654663433461,111.39654854168325,111.39654472698598,111.39655044903188,111.39654281963735,111.34192499999958,111.50460390873823,111.17924609126092,111.34192499999958,111.4232644543689,111.26058554563025,111.2448772934463,111.35143181278114,108.69053515624985,110.82124453125132,111.1947975000002,111.09494062499982,111.34192499999958,0.10416892200016226,57.350422207728805,61.32725008738045,NaN,NaN,NaN,NaN,-0.0029968322575981837,0.06262085594742928,0.06561768820502746,73.11323682781534,82.9019707691334
1764284400,111.40981995150193,111.453,111.372,111.40775000000001,111.477,110.965,111.221,NaN,NaN,NaN,NaN,NaN,111.40851111059347,111.41387592338751,111.40314629779942,111.41924073618155,111.39778148500538,111.34981249999957,111.50916155625647,111.19046344374267,111.34981249999957,111.42948702812802,111.27013797187112,111.25126445840918,111.35655164798285,108.69426289062486,110.82607812500132,111.19892750000021,111.09694374999984,111.34981249999957,0.10251399900015089,59.26016947321326,61.10709300094731,NaN,NaN,NaN,NaN,-0.005046950431486702,0.05930900016566909,0.06435595059715579,67.38488339459713,75.18345977253813
1764288000,111.40878497575096,111.592,111.35,111.4665,111.477,110.965,111.221,NaN,NaN,NaN,NaN,NaN,111.45797254130285,111.48196430051787,111.43398078208783,111.5059560597329,111.40998902287281,111.36237499999959,111.51685036159274,111.20789963840643,111.36237499999959,111.43961268079616,111.28513731920302,111.25970506788333,111.36654695271169,108.69795039062483,110.83138125000133,111.20324500000021,111.10073437499982,111.36237499999959,0.11247728478585471,64.26028230927555,61.63398903094494,NaN,NaN,NaN,NaN,-0.0029047884720243833,0.06072496500712532,0.0636297534791497,61.76949809990788,67.4225394407734
1764291600,111.43764248787548,111.513,111.432,111.46725,111.477,110.965,111.221,NaN,NaN,NaN,NaN,NaN,111.46159383777132,111.48270373950473,111.44048393603791,111.50381364123814,111.4193740343045,111.3773749999996,111.50984249532878,111.24490750467042,111.3773749999996,111.44360874766419,111.31114125233502,111.26784408482908,111.37570177519244,108.70162656249984,110.83661093750132,111.2074150000002,111.10428124999983,111.3773749999996,0.11022890730115102,64.3204852356566,62.16989041933228,NaN,NaN,NaN,NaN,-0.0019420861135144019,0.061202145837256694,0.0631442319507711,63.20945812904993,64.12127987451828
1764295200,111.45244624393774,111.457,111.28,111.38725,111.477,110.965,111.221,NaN,NaN,NaN,NaN,NaN,111.40398283231667,111.44680966234971,111.36115600228364,111.48963649238274,111.3183291722506,111.38544999999958,111.49818105091188,111.27271894908728,111.38544999999958,111.44181552545574,111.32908447454342,111.27252666973774,111.37675161381131,108.70519531249984,110.84142812500131,111.2114612500002,111.10701249999981,111.38544999999958,0.1157304139224978,53.892342787131035,61.74619712794604,NaN,NaN,NaN,NaN,-0.006917962577561963,0.05449677872881864,0.0614147413063806,53.18930041152254,59.389418880160086
1764298800,111.41984812196887,111.436,111.298,111.369,111.477,110.965,111.221,NaN,NaN,NaN,NaN,NaN,111.38200138909977,111.41423598035,111.34976679784954,111.44647057160023,111.31753220659931,111.3894374999996,111.49359085664977,111.28528414334943,111.3894374999996,111.44151417832468,111.33736082167452,111.27630993759117,111.37604692164665,108.70869062499985,110.84609062500132,111.21586750000019,111.10986249999982,111.3894374999996,0.11732109864231977,51.82800985553688,61.302818713036636,NaN,NaN,NaN,NaN,-0.01139867335490534,0.04716639961274893,0.05856507296765427,43.15843621399196,53.18573158485478
1764302400,111.39442406098443,111.406,111.274,111.33825,111.477,110.965,111.221,NaN,NaN,NaN,NaN,NaN,111.36941073047655,111.40271990843145,111.33610155252164,111.43602908638636,111.30279237456674,111.38987499999959,111.49308685656217,111.28666314343701,111.38987499999959,111.44148092828088,111.3382690717183,111.27873895964642,111.37261083786059,108.71208515624986,110.85058515625133,111.2202637500002,111.1123249999998,111.38987499999959,0.11836959159644013,48.459784865218126,60.631441071410755,NaN,NaN,NaN,NaN,-0.01610587852521904,0.03843272481113047,0.05453860333634951,29.39426585915014,41.91400082822151
1764306000,111.36633703049222,111.442,111.304,111.365,111.477,110.965,111.221,NaN,NaN,NaN,NaN,NaN,111.36964948586578,111.39832949238036,111.3409694793512,111.42700949889493,111.31228947283662,111.38987499999959,111.49308685656217,111.28666314343701,111.38987499999959,111.44148092828088,111.3382690717183,111.28212174554264,111.37191894350963,108.71547890624984,110.85509921875135,111.22471375000019,111.1144062499998,111.38987499999959,0.11977176362526519,51.417650390808056,59.84196423689803,NaN,NaN,NaN,NaN,-0.01700206229525828,0.03328602546727666,0.05028808776253494,26.664531407717565,33.07241116028652
1764309600,111.36566851524611,111.46,111.346,111.402,111.477,110.965,111.221,NaN,NaN,NaN,NaN,NaN,111.37536391100417,111.40428105674377,111.34644676526457,111.43319820248337,111.31752961952498,111.3947749999996,111.49022733014537,111.29932266985382,111.3947749999996,111.44250116507249,111.34704883492671,111.28682285356058,111.37465358500876,108.71895429687486,110.85976640625134,111.22941000000019,111.11683124999979,111.3947749999996,0.1193594947948884,55.24368700704302,59.27394772229528,NaN,NaN,NaN,NaN,-0.014769710055972343,0.03182595019256951,0.04659566024854185,29.69077568134143,28.583190982736344
1764313200,111.38383425762305,111.442,111.313,111.365,111.477,110.965,111.221,NaN,NaN,NaN,NaN,NaN,111.3750204962778,111.40139019353819,111.3486507990174,111.42775989079858,111.32228110175701,111.39786249999959,111.48489675595611,111.31082824404307,111.39786249999959,111.44137962797785,111.35434537202133,111.28988862400918,111.3737759863716,108.72239687499984,110.86432031250135,111.2338575000002,111.11857187499979,111.39786249999959,0.12004810230953857,50.9246828374677,58.28661635381228,NaN,NaN,NaN,NaN,-0.015382319614729897,0.027367760730129476,0.04275008034485937,32.494758909852216,29.616688666303702
1764316800,111.37441712881153,111.406,111.31,111.35825,111.477,110.965,111.221,NaN,NaN,NaN,NaN,NaN,111.3726539368113,111.39780713221504,111.34750074140757,111.42296032761877,111.32234754600384,111.39836249999958,111.48435966106531,111.31236533893384,111.39836249999958,111.44136108053245,111.35536391946671,111.29256946228332,111.3723645330651,108.72580273437484,110.86870078125135,111.2381687500002,111.1213187499998,111.39836249999958,0.11833038071600036,50.15431873892866,57.117052853092574,NaN,NaN,NaN,NaN,-0.015780438358660734,0.02302453239653346,0.03880497075519419,31.78721174004124,31.324248777078264
1764320400,111.36633356440576,111.432,111.306,111.37,111.477,110.965,111.221,NaN,NaN,NaN,NaN,NaN,111.37223385305865,111.39576812692077,111.34869957919652,111.4193024007829,111.3251653053344,111.4003749999996,111.48160715079646,111.31914284920273,111.4003749999996,111.44099107539803,111.35975892460117,111.29560595395849,111.37214957551372,108.72919355468733,110.87290078125133,111.2425662500002,111.1253437499998,111.4003749999996,0.11887821066485782,51.52889672496923,56.06457251271309,NaN,NaN,NaN,NaN,-0.01480665478112534,0.02029665227878752,0.03510330705991286,28.432914046121244,30.904961565338198
1764324000,111.36816678220288,111.396,111.229,111.3,111.477,110.965,111.221,NaN,NaN,NaN,NaN,NaN,111.36821591818064,111.39577749748945,111.34065433887183,111.42333907679826,111.31309275956302,111.39897499999958,111.48591303733784,111.31203696266132,111.39897499999958,111.44244401866871,111.35550598133045,111.29577826948953,111.36559052319429,108.73253691406232,110.87697812500134,111.24667250000019,111.12844687499981,111.39897499999958,0.1223154813316538,43.7826890423935,54.63916041581854,NaN,NaN,NaN,NaN,-0.018207383406649964,0.012344077801600406,0.03055146120825037,25.413872862414923,28.544666216192436
1764327600,111.33408339110144,111.33408339110144,111.212,111.26625,111.477,110.965,111.221,NaN,NaN,NaN,NaN,NaN,111.36173931074256,111.39777082701131,111.32570779447381,111.43380234328006,111.28967627820506,111.39259999999959,111.49706714713652,111.28813285286266,111.39259999999959,111.44483357356805,111.34036642643113,111.294620298137,111.35655956654026,108.73593203124983,110.88108515625136,111.2508375000002,111.13111249999982,111.39259999999959,0.12229890345806717,40.612680938833236,53.07400731530027,NaN,NaN,NaN,NaN,-0.02181681109554115,0.003280447338823933,0.025097258434365083,21.3414078949648,25.062731601166956
1764331200,111.30016669555073,111.373,111.248,111.3195,111.477,110.965,111.221,NaN,NaN,NaN,NaN,NaN,111.3592494479052,111.39592600781734,111.32257288799306,111.43260256772948,111.28589632808092,111.38833749999958,111.49733248484027,111.27934251515889,111.38833749999958,111.44283499241993,111.33384000757923,111.29559597271987,111.3531905150366,108.73942109374984,110.88540312500133,111.25577125000022,111.13419062499979,111.38833749999958,0.12249183892534808,47.118369866859375,52.3431464338096,NaN,NaN,NaN,NaN,-0.019765973472710318,0.0003897915934771845,0.020155765066187502,20.70833937460711,22.487873377328906
1764334800,111.30983334777537,111.596,111.30983334777537,111.44775,111.477,110.965,111.221,NaN,NaN,NaN,NaN,NaN,111.36409507903306,111.40528159514099,111.32290856292514,111.44646811124892,111.28172204681721,111.38932499999957,111.50008308029643,111.27856691970271,111.38932499999957,111.444704040148,111.33394595985115,111.3015627973191,111.36178683185146,108.74305234374984,110.89031093750134,111.26119250000022,111.1391999999998,111.38932499999957,0.13418289701815442,58.81920258004297,52.31164879858316,NaN,NaN,NaN,NaN,-0.009443524068975025,0.00835135997996872,0.017794884048943745,34.6530062134499,25.567584494340604
1764338400,111.37879167388769,111.834,111.37879167388769,111.63175000000001,111.477,110.965,111.221,111.477,NaN,NaN,NaN,NaN,111.36972806226373,111.42485495511225,111.31460116941521,111.47998184796077,111.25947427656669,111.39814999999956,111.54928101885776,111.24701898114137,111.39814999999956,111.47371550942866,111.32258449057046,111.31451131507129,111.38632893804679,108.74685839843735,110.89588828125133,111.26745625000021,111.1470124999998,111.39814999999956,0.1571132848105943,69.3108183351409,52.67240137185926,NaN,NaN,NaN,NaN,0.00910164995589962,0.029171946493818268,0.02007029653791865,52.38887522682003,35.916740271625684
1764342000,111.50527083694385,112.006,111.50527083694385,111.86474999999999,111.477,110.965,111.221,NaN,NaN,NaN,NaN,NaN,111.38391159447607,111.47732002342894,111.2905031655232,111.57072845238181,111.19709473657034,111.41872499999954,111.67187154328913,111.16557845670995,111.41872499999954,111.54529827164434,111.29215172835474,111.33608930271555,111.42982176186071,108.75087148437483,110.90212500000135,111.27500625000022,111.15851562499981,111.41872499999954,0.18165727611384824,77.22395570152494,53.59407783370699,NaN,NaN,NaN,NaN,0.03493482083157855,0.06373882257739183,0.028804001745813285,70.36249315072213,52.46812486366402
1764345600,111.68501041847192,111.976,111.68501041847192,111.85050000000001,111.477,110.965,111.221,NaN,NaN,NaN,NaN,NaN,111.39149179156692,111.5008423611371,111.28214122199674,111.61019293070729,111.17279065242656,111.43951249999955,111.75509016356742,111.12393483643169,111.43951249999955,111.59730133178348,111.28172366821562,111.3562622712365,111.46806523805519,108.75491171874985,110.90804687500136,111.28216250000021,111.1704624999998,111.43951249999955,0.18946672650057914,75.93438399028261,55.16850934821782,NaN,NaN,NaN,NaN,0.04812320853460367,0.08895801241406787,0.0408348038794642,76.70328913798853,66.48488583851024
1764349200,111.76775520923596,111.809,111.669,111.75349999999999,111.477,110.965,111.221,NaN,NaN,NaN,NaN,NaN,111.39401310366783,111.50694665195124,111.28107955538442,111.61988020023465,111.16814600710102,111.45588749999953,111.79968658631726,111.1120884136818,111.45588749999953,111.6277870431584,111.28398795684066,111.37184022138409,111.49401385277744,108.75884863281233,110.91350625000136,111.28822875000021,111.1828374999998,111.45588749999953,0.18889767460768161,67.65267475507582,56.29884255532774,NaN,NaN,NaN,NaN,0.04730413983150927,0.09996497866885079,0.05266083883734152,76.94164567590188,74.66914265487084
1764352800,111.76062760461798,111.816,111.675,111.75475,111.477,110.965,111.221,NaN,NaN,NaN,NaN,NaN,111.39665501446021,111.5132256767567,111.28008435216371,111.6297963390532,111.16351368986722,111.47424999999953,111.8400060319251,111.10849396807396,111.47424999999953,111.65712801596231,111.29137198403674,111.38685629113374,111.51771713888859,108.76277089843734,110.91912578125137,111.29367500000022,111.19522187499982,111.47424999999953,0.18547641213570473,67.7015609236318,57.67325513092872,NaN,NaN,NaN,NaN,0.04391067552421557,0.10754918324261098,0.06363850771839541,72.32367758186386,75.32287079858476
1764356400,111.75768880230899,111.75768880230899,111.686,111.72725,111.477,110.965,111.221,NaN,NaN,NaN,NaN,NaN,111.39981136796254,111.52014294605848,111.2794797898666,111.64047452415443,111.15914821177066,111.49022499999953,111.87058538489555,111.1098646151035,111.49022499999953,111.68040519244754,111.30004480755152,111.40020506403046,111.53676558080781,108.76661249999981,110.92466640625136,111.29853375000022,111.20677499999981,111.49022499999953,0.17734872571951035,65.3612407433192,58.6692258703938,NaN,NaN,NaN,NaN,0.037146681786475,0.11007185995148916,0.07292517816501416,67.14945424013366,72.13825916596647
1764360000,111.7424694011545,111.769,111.692,111.74025,111.477,110.965,111.221,NaN,NaN,NaN,NaN,NaN,111.40521845075263,111.5317950405765,111.27864186092876,111.65837163040037,111.15206527110489,111.50391249999953,111.899278857652,111.10854614234705,111.50391249999953,111.70159567882577,111.30622932117329,111.41354015955868,111.55526416437074,108.7704175781248,110.93027656250138,111.30367500000023,111.21874062499982,111.50391249999953,0.17018095959668905,65.96028356861704,59.43469705336337,NaN,NaN,NaN,NaN,0.031124635811244722,0.11183097292907007,0.08070633711782535,66.59319899244328,68.68877693814693
1764363600,111.74135970057725,111.814,111.72,111.76025,111.477,110.965,111.221,NaN,NaN,NaN,NaN,NaN,111.41640859194777,111.55576770251616,111.27704948137938,111.69512681308456,111.13769037081099,111.51856249999953,111.92884169976779,111.10828330023128,111.51856249999953,111.72370209988365,111.31342290011541,111.42713662388971,111.57389924033704,108.77419433593732,110.93627890625139,111.30892375000023,111.23204062499981,111.51856249999953,0.16473946248263943,66.90844873630905,60.57639461756632,NaN,NaN,NaN,NaN,0.02625909822648327,0.11353020990092944,0.08727111167444616,66.82409739714511,66.85558354324068
1764540000,111.75080485028863,111.75080485028863,111.661,111.69550000000001,112.006,111.212,111.60900000000001,NaN,NaN,NaN,NaN,NaN,111.70243495009622,111.70243495009622,111.70243495009622,111.70243495009622,111.70243495009622,111.53397499999953,111.9465178734047,111.12143212659436,111.53397499999953,111.74024643670212,111.32770356329694,111.43766067785482,111.58495385485186,108.77798066406231,110.9419570312514,111.31346375000022,111.2453437499998,111.53397499999953,0.16006164373387932,60.98573445646917,61.35006716881922,NaN,NaN,NaN,NaN,0.016905100410594426,0.10840248718768919,0.09149738677709476,65.49118387909355,66.30282675622732
1764543600,111.72315242514432,111.781,111.594,111.6725,112.006,111.212,111.60900000000001,NaN,NaN,NaN,NaN,NaN,111.68975742422857,111.69934940967406,111.68016543878309,111.70894139511954,111.67057345333761,111.54914999999953,111.9586191501146,111.13968084988446,111.54914999999953,111.75388457505707,111.34441542494199,111.44687006303698,111.59291259531987,108.78188925781231,110.94736718750138,111.31809250000023,111.2582343749998,111.54914999999953,0.16198581203860307,58.98827370481204,61.88287981023656,NaN,NaN,NaN,NaN,0.007854032021030452,0.10131492680338283,0.09346089478235238,62.64693534844687,64.98740554156184
1764547200,111.69782621257215,111.69782621257215,111.384,111.52475,112.006,111.212,111.60900000000001,NaN,NaN,NaN,NaN,NaN,111.59804967385644,111.6740184739977,111.52208087371517,111.74998727413897,111.4461120735739,111.55847499999955,111.95664641079358,111.16030358920551,111.55847499999955,111.75756070539657,111.35938929460252,111.449924178212,111.58671599574534,108.78573808593731,110.95235859375138,111.32104750000022,111.2683749999998,111.55847499999955,0.1728315549338566,48.091403360661126,62.19064511868425,NaN,NaN,NaN,NaN,-0.008511848600595923,0.08282108403160748,0.0913329326322034,52.76028547439133,60.29946823397725
1764550800,111.61128810628608,111.636,111.3,111.45675,112.006,111.212,111.60900000000001,NaN,NaN,NaN,NaN,NaN,111.54910188760938,111.63749463348472,111.46070914173404,111.72588737936006,111.3723163958587,111.56306249999952,111.95426496903146,111.17186003096758,111.56306249999952,111.7586637345155,111.36746126548354,111.4501918574978,111.57490090522303,108.7895562499998,110.9569500000014,111.32222750000022,111.27839999999978,111.56306249999952,0.18448644386715246,44.057529241998154,62.43670571176746,NaN,NaN,NaN,NaN,-0.023495726398122557,0.0619632746345502,0.08545900103267276,41.642075903488546,52.34976557544224
1764554400,111.53401905314304,111.53401905314304,111.174,111.30274999999999,112.006,111.212,111.60900000000001,NaN,NaN,NaN,NaN,NaN,111.51988548893077,111.62980781137644,111.4099631664851,111.7397301338221,111.30004084403943,111.55809999999951,111.95972813634602,111.15647186365301,111.55809999999951,111.75891406817277,111.35728593182625,111.44440982387043,111.55015991383912,108.79330624999982,110.96090546875139,111.32193500000021,111.2868249999998,111.55809999999951,0.1970244873868583,36.575181724695625,61.68362084447005,NaN,NaN,NaN,NaN,-0.0422626795406799,0.03263065160682288,0.07489333114750278,27.467835405845392,40.62339892790842
1764558000,111.41838452657151,111.41838452657151,111.166,111.2175,112.006,111.212,111.60900000000001,NaN,NaN,NaN,NaN,NaN,111.4906031592622,111.62183256250287,111.35937375602154,111.75306196574354,111.22814435278087,111.55072499999952,111.97123867088068,111.13021132911835,111.55072499999952,111.7609818354401,111.34046816455893,111.43551139940492,111.51991810349011,108.79699941406231,110.96464531250137,111.32165375000022,111.29444374999977,111.55072499999952,0.20097877590004828,33.21255701403372,59.85457473261225,NaN,NaN,NaN,NaN,-0.05793320674149184,0.0024768227206379834,0.060410029462129824,16.38176327758219,28.497224862305373
1764561600,111.31794226328576,111.31794226328576,111.154,111.23125,112.006,111.212,111.60900000000001,NaN,NaN,NaN,NaN,NaN,111.46344437578273,111.61046915194179,111.31641959962367,111.75749392810084,111.16939482346461,111.54437499999953,111.97989077168248,111.10885922831659,111.54437499999953,111.76213288584101,111.32661711415805,111.42750114844786,111.49367554862738,108.80069492187484,110.96844531250137,111.32155250000022,111.30160937499977,111.54437499999953,0.19833331071331353,34.2623390779322,57.3511119285259,NaN,NaN,NaN,NaN,-0.06439148900477401,-0.020079331793837696,0.044312157210936315,10.224204468262299,18.02460105056329
1764565200,111.27459613164288,111.27459613164288,111.108,111.21950000000001,112.006,111.212,111.60900000000001,NaN,NaN,NaN,NaN,NaN,111.44658316054284,111.60270814412414,111.29045817696155,111.75883312770543,111.13433319338026,111.53684999999955,111.98903902006897,111.08466097993012,111.53684999999955,111.76294451003426,111.31075548996483,111.4193442406656,111.46875049875216,108.80431308593734,110.97227734375137,111.32155750000021,111.30791562499978,111.53684999999955,0.19606636935113947,33.77379467456559,54.24752899802881,NaN,NaN,NaN,NaN,-0.06621774998286363,-0.03846003026764322,0.027757719715220407,9.347825303073593,11.984597682972689
1764568800,111.24704806582145,111.322,111.224,111.25625,112.006,111.212,111.60900000000001,NaN,NaN,NaN,NaN,NaN,111.43521714174818,111.5924937276969,111.27794055579946,111.74977031364563,111.12066396985074,111.53466249999954,111.99180958438224,111.07751541561684,111.53466249999954,111.76323604219088,111.3060889578082,111.41294838809047,111.44943227159287,108.80793476562485,110.97639609375135,111.32191125000023,111.31516249999979,111.53466249999954,0.18938305725462892,36.80872224514508,51.45283887337613,NaN,NaN,NaN,NaN,-0.061798933796497355,-0.049490947530401286,0.012307986266096067,14.283929688329913,11.285319819888597
1764572400,111.25164903291072,111.292,111.104,111.19399999999999,112.006,111.212,111.60900000000001,NaN,111.212,NaN,NaN,NaN,111.42004168671389,111.58299002000085,111.25709335342692,111.74593835328781,111.09414502013996,111.53104999999952,111.99766803425675,111.0644319657423,111.53104999999952,111.76435901712814,111.2977409828709,111.4043621767928,111.42621115599351,108.81151289062484,110.98032500000136,111.32178875000021,111.32116562499978,111.53104999999952,0.18928426745072705,33.96904794819615,49.04686553002758,NaN,NaN,NaN,NaN,-0.05987456232411564,-0.06253521663904849,-0.002660654314932844,15.475112364912995,13.035622452105494
1764576000,111.22282451645535,111.232,111.061,111.16075000000001,112.006,111.212,111.60900000000001,NaN,NaN,NaN,NaN,NaN,111.39660588529723,111.56977401963992,111.22343775095455,111.74294215398261,111.05026961661186,111.52311249999953,112.00886358004917,111.03736141994989,111.52311249999953,111.76598804002434,111.28023695997472,111.39480875809504,111.40207832363046,108.81509238281232,110.98394843750137,111.32173750000021,111.32584687499977,111.52311249999953,0.18797824834710314,32.525666972514244,46.53430167637633,NaN,NaN,NaN,NaN,-0.0576273607158702,-0.0746948552097706,-0.017067494493900395,15.608908975704665,15.122650342982519
1764579600,111.19178725822768,111.19178725822768,111.027,111.11125000000001,112.006,111.212,111.60900000000001,NaN,NaN,NaN,NaN,NaN,111.38007209565617,111.56096523721274,111.19917895409961,111.74185837876931,111.01828581254304,111.50628749999953,112.02359981549456,110.9889751845045,111.50628749999953,111.76494365774705,111.247631342252,111.3836888067972,111.3756393851186,108.81863906249983,110.98715546875135,111.3216612500002,111.32975937499978,111.50628749999953,0.18632174905285837,30.45122807812416,44.04072934314811,NaN,NaN,NaN,NaN,-0.05620131007949606,-0.08731913209327047,-0.03111782201377441,12.197557015772922,14.427192785463523
1764583200,111.15151862911384,111.15151862911384,110.967,111.02375,112.006,111.212,111.60900000000001,NaN,NaN,NaN,NaN,NaN,111.36374227722592,111.5542191031568,111.17326545129505,111.74469592908767,110.98278862536418,111.47588749999952,112.03026617182549,110.92150882817354,111.47588749999952,111.7530768359125,111.19869816408654,111.36957355947182,111.34364944101691,108.82209999999982,110.98998359375135,111.32145875000022,111.33404062499976,111.47588749999952,0.18619295477149983,27.154360169670113,41.26887767179476,NaN,NaN,NaN,NaN,-0.05766167396578371,-0.10319491447100404,-0.04553324050522033,10.217446557624507,12.67463751636736
1764586800,111.08763431455692,111.098,110.963,111.0205,112.006,111.212,111.60900000000001,NaN,NaN,NaN,NaN,NaN,111.35004225237363,111.5481029003523,111.15198160439495,111.74616354833098,110.95392095641627,111.43367499999951,111.99174388231191,110.87560611768711,111.43367499999951,111.71270944115571,111.15464055884331,111.35588440027685,111.31427221910629,108.82556914062482,110.99283906250135,111.3217012500002,111.33787499999976,111.43367499999951,0.18253631514496452,27.03727023380604,38.420936350187404,NaN,NaN,NaN,NaN,-0.055346571072335586,-0.11471645434563982,-0.05936988327330423,8.14488919132773,10.186630921575047
1764590400,111.05406715727847,111.05406715727847,110.874,110.9505,112.006,111.212,111.60900000000001,NaN,NaN,NaN,NaN,NaN,111.32737748208457,111.54018884918182,111.11456611498733,111.75300021627906,110.90175474789008,111.38867499999951,111.95017644915525,110.82717355084377,111.38867499999951,111.66942572457738,111.10792427542164,111.33998697281501,111.28120201736935,108.82900390624984,110.99499921875136,111.3215812500002,111.33938124999975,111.38867499999951,0.18235994672592937,24.578928249527493,35.82045019254871,NaN,NaN,NaN,NaN,-0.05492012329238016,-0.12802003738877943,-0.07309991409639927,7.387952345009644,8.583429364653954
1764594000,111.00228357863924,111.00228357863924,110.822,110.88925,112.006,111.212,111.60900000000001,NaN,NaN,NaN,NaN,NaN,111.29750270328094,111.52951486871316,111.06549053784872,111.76152703414539,110.8334783724165,111.34546249999953,111.9208581958163,110.77006680418276,111.34546249999953,111.6331603479079,111.05776465209115,111.32231101309678,111.24557001579032,108.83240957031232,110.99659140625135,111.32108000000021,111.33933124999976,111.34546249999953,0.18221163471973684,22.63923135500697,33.2240900247055,NaN,NaN,NaN,NaN,-0.05501622441693446,-0.14187019461756734,-0.08685397020063287,7.71406764053862,7.748969725625327
1764597600,110.94576678931962,111.066,110.896,110.9675,112.006,111.212,111.60900000000001,NaN,NaN,NaN,NaN,NaN,111.27318563200562,111.51186195621797,111.03450930779327,111.75053828043032,110.79583298358092,111.30609999999952,111.87174163557461,110.74045836442443,111.30609999999952,111.58892081778706,111.02327918221198,111.30839685572043,111.22029092344575,108.83587636718735,110.99835390625135,111.3206725000002,111.33923124999976,111.30609999999952,0.18182151795404122,30.21608967805774,31.947281904519535,NaN,NaN,NaN,NaN,-0.046406854084991817,-0.14486253780687264,-0.09845568372188082,11.329185314335843,8.810401766628031
1764601200,110.9566333946598,111.156,110.938,111.036,112.006,111.212,111.60900000000001,NaN,NaN,NaN,NaN,NaN,111.25692806826896,111.49443524232711,111.01942089421081,111.73194241638527,110.78191372015266,111.27153749999952,111.81402209126551,110.72905290873354,111.27153749999952,111.54277979563251,111.00029520436654,111.29771462608434,111.2035372031325,108.83938710937484,111.00038515625135,111.3203012500002,111.33881249999975,111.27153749999952,0.18440569524303854,36.11483094584038,31.379946311936838,NaN,NaN,NaN,NaN,-0.03330883193086687,-0.1400917236354644,-0.10678289170459754,18.536177439165073,12.52647679801318
1764604800,110.9963166973299,111.12,110.9963166973299,111.06875,112.006,111.212,111.60900000000001,NaN,NaN,NaN,NaN,NaN,111.24738700614073,111.48281163249743,111.01196237978402,111.71823625885413,110.77653775342732,111.23796249999953,111.7420127770214,110.73391222297765,111.23796249999953,111.48998763851047,110.98593736148858,111.28873562113986,111.19128382102954,108.84290703124984,111.00235546875135,111.3199650000002,111.33811562499973,111.23796249999953,0.1800683814878288,38.77928278973147,31.537382102296544,NaN,NaN,NaN,NaN,-0.02028959365481997,-0.1321448837731225,-0.11185529011830253,29.76812708285308,19.877829945451335
1764608400,111.03253334866494,111.137,111.03253334866494,111.09575000000001,112.006,111.212,111.60900000000001,NaN,NaN,NaN,NaN,NaN,111.24354331156268,111.47738252924324,111.0097040938821,111.71122174692381,110.77586487620154,111.20473749999951,111.6509875552202,110.75848744477882,111.20473749999951,111.42786252760985,110.98161247238917,111.28116755756575,111.18259892820868,108.84647988281236,111.00428984375135,111.3191087500002,111.33810624999974,111.20473749999951,0.17466825790548812,40.96529395252018,32.09114902647415,NaN,NaN,NaN,NaN,-0.008322933049814546,-0.12225895643057072,-0.11393602338075617,42.05989612462259,30.121400215546913
1764612000,111.06414167433248,111.156,111.06414167433248,111.12299999999999,112.006,111.212,111.60900000000001,NaN,NaN,NaN,NaN,NaN,111.24122890858908,111.4735962046871,111.00886161249106,111.70596350078512,110.77649431639304,111.1761124999995,111.56215419046949,110.79007080952952,111.1761124999995,111.3691333452345,110.98309165476451,111.27496490824944,111.17718084382606,108.85015097656235,111.00633593750138,111.31726500000019,111.33860937499973,111.1761124999995,0.16875326274563401,43.17082286669664,32.72746929710018,NaN,NaN,NaN,NaN,0.0023916042038510527,-0.11094651812594236,-0.11333812232979341,52.108104293801766,41.31204250042581
1764615600,111.09357083716623,111.142,111.056,111.105,112.006,111.212,111.60900000000001,NaN,NaN,NaN,NaN,NaN,111.23846827659953,111.46936022038877,111.0075763328103,111.700252164178,110.77668438902107,111.14773749999952,111.46004970239738,110.83542529760166,111.14773749999952,111.30389360119845,110.99158139880059,111.26829961772985,111.17061894893278,108.85385390624985,111.00830937500136,111.3151350000002,111.33885312499974,111.14773749999952,0.16284231540666005,42.05320049588553,33.318855427194464,NaN,NaN,NaN,NaN,0.008866460813283322,-0.10225504631318927,-0.11112150712647259,57.18333333333305,50.450444583919136
1764619200,111.09928541858312,111.1,111.032,111.06375,112.006,111.212,111.60900000000001,NaN,NaN,NaN,NaN,NaN,111.2364731369973,111.46677438124819,111.00617189274642,111.69707562549907,110.77587064849554,111.12468749999952,111.38621531259966,110.86315968739939,111.12468749999952,111.25545140629958,110.99392359369946,111.26027806409338,111.1609035899389,108.85752636718738,111.01013906250137,111.3128675000002,111.33886249999973,111.12468749999952,0.15642500716332775,39.527727453584326,33.51307008494012,NaN,NaN,NaN,NaN,0.010840575907061709,-0.09757078724264545,-0.10841136314970716,56.078723404254355,55.123387010463055
1764622800,111.08151770929156,111.11,111.026,111.064,112.006,111.212,111.60900000000001,NaN,NaN,NaN,NaN,NaN,111.23324792337016,111.46252621526654,111.00396963147378,111.69180450716291,110.7746913395774,111.10504999999952,111.31844579398448,110.89165420601456,111.10504999999952,111.211747896992,110.99835210300705,111.25258088510932,111.15209417267172,108.86114531249987,111.01178437500137,111.3106837500002,111.33854687499975,111.10504999999952,0.1512517923659474,39.55142102445429,33.91181101895856,NaN,NaN,NaN,NaN,0.012513952220496921,-0.092768922874086,-0.10528287509458292,55.68685348555536,56.31630340771426
1764626400,111.07275885464577,111.102,111.048,111.073,111.781,110.822,111.3015,NaN,NaN,NaN,NaN,NaN,111.07433333333334,111.07433333333334,111.07433333333334,111.07433333333334,111.07433333333334,111.09356249999954,111.28694889236033,110.90017610763874,111.09356249999954,111.19025569617993,110.99686930381914,111.24553849745797,111.14490379333793,108.86481914062486,111.01348828125136,111.3077675000002,111.33747499999974,111.09356249999954,0.14430523576837986,40.4559034300608,34.47825648021188,NaN,NaN,NaN,NaN,0.014440992871216835,-0.08723163400556189,-0.10167262687677872,59.44580866093454,57.07046185024808
1764630000,111.07287942732287,111.14,111.054,111.09374999999999,111.781,110.822,111.3015,NaN,NaN,NaN,NaN,NaN,111.08771095493084,111.09818821159983,111.07723369826185,111.10866546826882,111.06675644159286,111.08737499999953,111.27223457476933,110.90251542522972,111.08737499999953,111.17980478738443,110.99494521261462,111.23958600736158,111.14025344848903,108.86854140624985,111.01527343750135,111.3049337500002,111.33557499999975,111.08737499999953,0.14014057607063835,42.58880535530466,35.34522628572478,NaN,NaN,NaN,NaN,0.017142950365054352,-0.08024393892046078,-0.09738688928551513,69.42117707304476,61.517946406511555
1764633600,111.08331471366142,111.191,111.048,111.12725,111.781,110.822,111.3015,NaN,NaN,NaN,NaN,NaN,111.11071716836359,111.1279738141784,111.09346052254878,111.14523045999321,111.07620387673397,111.08217499999952,111.25607986590849,110.90827013409056,111.08217499999952,111.16912743295401,110.99522256704503,111.23518067373956,111.13907131680821,108.87227011718737,111.01720078125136,111.30307875000018,111.33374999999974,111.08217499999952,0.1403448206370214,45.95470714349354,36.68810821242646,NaN,NaN,NaN,NaN,0.020963572609035752,-0.07118242352422044,-0.09214599613325619,77.32090607033545,68.72929726810492
1764637200,111.10528235683071,111.244,111.10528235683071,111.1755,111.781,110.822,111.3015,NaN,NaN,NaN,NaN,NaN,111.13663520534973,111.1708412002252,111.10242921047427,111.20504719510066,111.0682232155988,111.07997499999954,111.24788516162754,110.91206483837153,111.07997499999954,111.16393008081354,110.99601991918553,111.23284025516155,111.14238301528019,108.87605468749987,111.01948437500137,111.3013850000002,111.33181562499973,111.07997499999954,0.14022859367504031,50.45976252172944,38.36114337584956,NaN,NaN,NaN,NaN,0.026178599233811856,-0.05942274709099138,-0.08560134632480323,82.61787506557225,76.45331940298415
1764640800,111.14039117841536,111.224,111.12,111.17349999999999,111.781,110.822,111.3015,NaN,NaN,NaN,NaN,NaN,111.14281122330961,111.17675120869833,111.10887123792088,111.21069119408706,111.07493125253215,111.07583749999954,111.22965608392045,110.92201891607863,111.07583749999954,111.15274679195998,110.99892820803909,111.23051318633168,111.1452118320729,108.87985507812486,111.02159375000137,111.29934250000021,111.32898437499973,111.07583749999954,0.13764083698396595,50.27269783431128,40.196412631905545,NaN,NaN,NaN,NaN,0.02872772726738841,-0.04969168724056772,-0.07841941450795613,83.26172953672587,81.06683689087787
1764644400,111.15694558920768,111.23,111.124,111.17999999999999,111.781,110.822,111.3015,NaN,NaN,NaN,NaN,NaN,111.14995683696705,111.18339921867901,111.11651445525509,111.21684160039098,111.08307207354312,111.07513749999953,111.22691261904554,110.92336238095352,111.07513749999953,111.15102505952254,110.99924994047652,111.22853227706376,111.14837439279354,108.88363359374985,111.02364921875137,111.2969650000002,111.32559999999974,111.07513749999953,0.1353807771993976,50.90965574014345,42.215728659415284,NaN,NaN,NaN,NaN,0.02994926604828331,-0.040982831947601994,-0.0709320979958853,82.89026892556724,82.92329117595511
1764648000,111.16847279460384,111.221,111.139,111.1825,111.781,110.822,111.3015,NaN,NaN,NaN,NaN,NaN,111.15278954305569,111.18588377005659,111.11969531605479,111.2189779970575,111.08660108905389,111.07622499999952,111.23072547700691,110.92172452299214,111.07622499999952,111.15347523850322,110.99897476149583,111.22672708972793,111.1514767207214,108.88725214843734,111.02567968750138,111.29444875000019,111.32245624999973,111.07622499999952,0.13156786454229832,51.16873054766459,43.7123458643872,NaN,NaN,NaN,NaN,0.02995113143317038,-0.033493183704422336,-0.06344431513759272,81.60166501638956,82.58455449289423
1764651600,111.17548639730192,111.246,111.17548639730192,111.2065,111.781,110.822,111.3015,NaN,NaN,NaN,NaN,NaN,111.1578020329602,111.19324787601262,111.12235618990779,111.22869371906503,111.08691034685538,111.08098749999951,111.24508697222245,110.91688802777657,111.08098749999951,111.16303723611098,110.99893776388804,111.22593387052291,111.15647883701946,108.89080468749985,111.02774062500137,111.29159875000022,111.31970312499973,111.08098749999951,0.12720684583913924,53.695183362837255,44.96808532274412,NaN,NaN,NaN,NaN,0.030492246460930315,-0.02532900706142982,-0.055821253522360136,81.89703850935787,82.12965748377157
1764655200,111.19099319865097,111.299,111.19099319865097,111.24425000000001,111.781,110.822,111.3015,NaN,NaN,NaN,NaN,NaN,111.16704323399561,111.20994953680923,111.124136931182,111.25285583962285,111.08123062836837,111.09201249999953,111.26841583547011,110.91560916452895,111.09201249999953,111.18021416773482,111.00381083226424,111.22665215011024,111.16445803365406,108.89435937499984,111.03007187500137,111.2885850000002,111.31779687499973,111.09201249999953,0.12583541408984605,57.4263485357736,46.300018590318565,NaN,NaN,NaN,NaN,0.03215098145381587,-0.0156325267050903,-0.04778350815890617,81.34232502361105,81.6136761831195
1764658800,111.2176215993255,111.348,111.2176215993255,111.2895,111.781,110.822,111.3015,NaN,NaN,NaN,NaN,NaN,111.17864008750972,111.23243535984068,111.12484481517876,111.28623063217164,111.0710495428478,111.10546249999952,111.29826286766092,110.91266213233811,111.10546249999952,111.20186268383021,111.00906231616882,111.22911677167454,111.17582548514005,108.89796406249984,111.03269609375135,111.28579875000021,111.31704374999973,111.10546249999952,0.12615991313160718,61.43750616539112,47.76231946266649,NaN,NaN,NaN,NaN,0.03482861924809855,-0.004247734098782985,-0.03907635334688153,81.98577080772189,81.74171144689694
1764662400,111.25356079966275,111.452,111.25356079966275,111.36775,111.781,110.822,111.3015,NaN,NaN,NaN,NaN,NaN,111.2055688470285,111.28654711645449,111.12459057760252,111.36752538588047,111.04361230817653,111.12632499999953,111.33700788345963,110.91564211653942,111.12632499999953,111.23166644172959,111.02098355826946,111.23455336886377,111.19327316830913,108.90164511718733,111.03532343750138,111.28355875000021,111.31905937499974,111.12632499999953,0.1313227193605815,67.19371259265668,49.4782401573779,NaN,NaN,NaN,NaN,0.04003112081871576,0.010962547676513168,-0.02906857314220259,80.66678592551342,81.33162725228213
1764666000,111.31065539983138,111.463,111.31065539983138,111.39800000000001,111.781,110.822,111.3015,NaN,NaN,NaN,NaN,NaN,111.22932827138351,111.3270309224292,111.13162562033781,111.4247335734749,111.03392296929212,111.15176249999953,111.36464641614157,110.9388785838575,111.15176249999953,111.25820445807055,111.04532054192852,111.24096304067304,111.21188469846285,108.90531933593734,111.03801953125136,111.2809525000002,111.32203437499973,111.15176249999953,0.13282428227544127,69.11313597246951,51.411092691419604,NaN,NaN,NaN,NaN,0.043388947475482026,0.025167611202149942,-0.018221336273332084,82.3937203183525,81.68209235052927
1764669600,111.3543276999157,111.408,111.326,111.3715,111.781,110.822,111.3015,NaN,NaN,NaN,NaN,NaN,111.2379956297646,111.33840698800508,111.13758427152412,111.43881834624555,111.03717291328364,111.17196249999952,111.3877257539734,110.95619924602565,111.17196249999952,111.27984412698646,111.06408087301259,111.24608213711723,111.22639518042078,108.90894687499983,111.04086796875136,111.2778937500002,111.32355937499975,111.17196249999952,0.1291939763986246,65.49782426823577,53.26609960675186,NaN,NaN,NaN,NaN,0.04169400020202028,0.03389616397919326,-0.0077978362228270145,81.47021590514525,81.51024071633707
1764673200,111.36291384995785,111.412,111.272,111.34175,111.781,110.822,111.3015,NaN,NaN,NaN,NaN,NaN,111.24266362918782,111.34312687469803,111.1422003836776,111.44359012020824,111.04173713816739,111.18724999999952,111.40562433432463,110.96887566567442,111.18724999999952,111.29643716716207,111.07806283283698,111.2498338180146,111.23688198220071,108.91258007812485,111.04358671875136,111.2747362500002,111.32470624999974,111.18724999999952,0.1299658352272943,61.60194616250651,54.84113711661273,NaN,NaN,NaN,NaN,0.036618487586729725,0.03797527326058514,0.0013567856738554169,78.32359185024063,80.72917602457947
1764676800,111.35233192497893,111.427,111.275,111.351,111.781,110.822,111.3015,NaN,NaN,NaN,NaN,NaN,111.24913100363895,111.34987410898538,111.14838789829253,111.4506172143318,111.0476447929461,111.20136249999953,111.42372495581267,110.97900004418639,111.20136249999953,111.3125437279061,111.09018127209296,111.25380111926893,111.24725634745519,108.91621835937485,111.04622734375134,111.2715600000002,111.32640312499976,111.20136249999953,0.13153970413963048,62.35177550631456,56.405127979202284,NaN,NaN,NaN,NaN,0.032095596814321524,0.04147628169175732,0.009380684877435798,74.28565520664007,78.02648765400865
1764680400,111.35166596248946,111.48,111.35166596248946,111.43925,111.781,110.822,111.3015,NaN,NaN,NaN,NaN,NaN,111.273046025205,111.38422033814636,111.16187171226365,111.49539465108772,111.05069739932229,111.21853749999953,111.45802117745177,110.97905382254729,111.21853749999953,111.33827933872564,111.09879566127341,111.26107362439564,111.26471031586836,108.91986992187485,111.04890781250135,111.2685000000002,111.32980312499974,111.21853749999953,0.1313582967010858,68.64312315133729,58.266150678918905,NaN,NaN,NaN,NaN,0.03312461919916176,0.050786458876387996,0.01766183967722624,78.1207701175078,76.91000572479616
1764684000,111.39545798124473,111.546,111.39545798124473,111.482,111.781,110.822,111.3015,NaN,NaN,NaN,NaN,NaN,111.29230617372964,111.41349526415917,111.17111708330012,111.53468435458869,111.0499279928706,111.2364874999995,111.4974868041903,110.9754881958087,111.2364874999995,111.3669871520949,111.1059878479041,111.2697374038311,111.28446392351668,108.92350761718735,111.05167968750136,111.26514125000021,111.33300624999974,111.2364874999995,0.13272856256209928,71.15754156385346,60.06635313751604,NaN,NaN,NaN,NaN,0.03460032872746241,0.06091225058655425,0.02631192185909184,83.01913612916415,78.47518715110401
1764687600,111.43872899062237,111.718,111.43872899062237,111.55175,111.781,110.822,111.3015,NaN,NaN,NaN,NaN,NaN,111.32277300924788,111.46626266722622,111.17928335126955,111.60975232520455,111.03579369329121,111.25882499999952,111.54613159129028,110.97151840870876,111.25882499999952,111.4024782956449,111.11517170435414,111.28079672132792,111.30876265774243,108.92715664062484,111.05471640625134,111.26229500000021,111.33628749999973,111.25882499999952,0.1431958801917806,74.7194592821543,61.79918862040353,NaN,NaN,NaN,NaN,0.037922869746533715,0.07371550904225899,0.03579263929572527,82.74811895007936,81.2960083989171
1764691200,111.49523949531118,111.552,111.314,111.45599999999999,111.781,110.822,111.3015,NaN,NaN,NaN,NaN,NaN,111.33382301909944,111.47467791009116,111.19296812810772,111.61553280108288,111.052113237116,111.27843749999951,111.56334313661708,110.99353186338195,111.27843749999951,111.4208903183083,111.13598468169073,111.28766743813858,111.32214787067494,108.93078378906235,111.05758984375134,111.2599850000002,111.33786874999973,111.27843749999951,0.1499676030352258,63.18393065640184,62.72141953626714,NaN,NaN,NaN,NaN,0.031580538621491364,0.07526831257258948,0.043687773951098116,71.18982770428771,78.98569426117707
1764694800,111.47561974765559,111.6,111.46,111.50699999999999,111.781,110.822,111.3015,NaN,NaN,NaN,NaN,NaN,111.34411382405914,111.48760963799937,111.2006180101189,111.6311054519396,111.05712219617867,111.30058749999951,111.58424258417766,111.01693241582136,111.30058749999951,111.44241504208858,111.15875995791043,111.29626871507432,111.33895260970449,108.93438769531235,111.06088750000133,111.2583050000002,111.33964374999974,111.30058749999951,0.1495413456755672,66.17899632681531,63.81208672102942,NaN,NaN,NaN,NaN,0.028806192083624907,0.07969551405562925,0.05088932197200434,63.88303697476035,72.60699454304246
1764698400,111.49130987382779,111.578,111.49,111.5375,111.781,110.822,111.3015,NaN,NaN,NaN,NaN,NaN,111.35061541404625,111.49584008534244,111.20539074275005,111.64106475663863,111.06016607145386,111.3238124999995,111.6051821799358,111.04244282006321,111.3238124999995,111.46449733996765,111.18312766003136,111.30572876546356,111.35700237245862,108.93796738281235,111.06416796875135,111.25619500000019,111.34256249999973,111.3238124999995,0.14514553527017013,67.86279948240525,65.00452021636804,NaN,NaN,NaN,NaN,0.027039707744657457,0.08468895665282616,0.05764924890816871,62.059686369844194,65.71085034963075
1764702000,111.51440493691389,111.608,111.51440493691389,111.5755,111.781,110.822,111.3015,NaN,NaN,NaN,NaN,NaN,111.35910269467621,111.50747636109105,111.21072902826137,111.65585002750589,111.06235536184653,111.3478999999995,111.62884774409257,111.06695225590643,111.3478999999995,111.48837387204604,111.20742612795296,111.31630802956302,111.3768657931442,108.94158105468736,111.06736953125134,111.2539850000002,111.34596562499974,111.3478999999995,0.14146335868559462,69.87512624787043,66.16023042244184,NaN,NaN,NaN,NaN,0.02641453744955244,0.09066742072010925,0.06425288327055681,67.74910132863874,64.56394155774777
1764705600,111.54495246845696,111.588,111.48,111.53475,111.781,110.822,111.3015,NaN,NaN,NaN,NaN,NaN,111.36740076223671,111.51692087552192,111.2178806489515,111.66644098880712,111.0683605356663,111.3682749999995,111.64125187155811,111.09529812844089,111.3682749999995,111.5047634357788,111.2317865642202,111.32487438134486,111.39121890285837,108.94515078124986,111.07055390625135,111.2512087500002,111.34829687499973,111.3682749999995,0.13907311877948,65.16296647076597,66.712845989227,NaN,NaN,NaN,NaN,0.02145164804653496,0.09106744332872552,0.06961579528219056,67.68905380116583,65.83261383321626
1764709200,111.53985123422848,111.61,111.472,111.54175000000001,111.781,110.822,111.3015,NaN,NaN,NaN,NaN,NaN,111.3733337682893,111.52363198263892,111.22303555393968,111.67393019698854,111.07273733959006,111.3865874999995,111.65447041619538,111.1187045838036,111.3865874999995,111.52052895809744,111.25264604190154,111.33337930756663,111.40490354805307,108.94862832031238,111.07398984375136,111.24830625000021,111.35094687499972,111.3865874999995,0.13899646743808894,65.59221540280302,67.00961093475642,NaN,NaN,NaN,NaN,0.01702852400771808,0.09090145029183816,0.07387292628412008,66.1297411606795,67.1892987634947
1764712800,111.54080061711424,111.588,111.526,111.5705,111.718,111.048,111.38300000000001,NaN,NaN,NaN,NaN,NaN,111.56149999999998,111.56149999999998,111.56149999999998,111.56149999999998,111.56149999999998,111.4064374999995,111.66695366417116,111.14592133582784,111.4064374999995,111.53669558208533,111.27617941791367,111.3426781582503,111.41995777095734,108.95197128906236,111.07786250000136,111.2451700000002,111.35397812499973,111.4064374999995,0.13349671976393956,67.37050660608116,67.02223907857247,NaN,NaN,NaN,NaN,0.01452480465048124,0.09202893209722163,0.07750412744674039,64.11899127815836,65.97926208000125
1764716400,111.55565030855712,111.614,111.504,111.54950000000001,111.718,111.048,111.38300000000001,NaN,NaN,NaN,NaN,NaN,111.55915690281562,111.56194750216012,111.55636630347111,111.56473810150463,111.5535757041266,111.42491249999951,111.67055849890413,111.17926650109489,111.42491249999951,111.54773549945182,111.3020895005472,111.35078881871107,111.43173433723395,108.95529921874986,111.08219687500134,111.24196750000019,111.3559249999997,111.42491249999951,0.13181838263794385,64.73857013899847,66.70977009046739,NaN,NaN,NaN,NaN,0.010147346325723658,0.09018831035389496,0.0800409640281713,63.73299632736314,64.66057625540036
1764720000,111.55257515427857,111.55257515427857,111.41,111.49425,111.718,111.048,111.38300000000001,NaN,NaN,NaN,NaN,NaN,111.51595386663314,111.55220617672155,111.47970155654473,111.58845848680997,111.44344924645631,111.4404999999995,111.66090610225987,111.22009389773913,111.4404999999995,111.55070305112969,111.33029694886932,111.35641474738907,111.43741757930358,108.95860468749984,111.08642421875133,111.23978375000019,111.35704374999973,111.4404999999995,0.1325867234694175,58.28687241225388,66.19470210075438,NaN,NaN,NaN,NaN,0.0026160554746412212,0.08331103337147283,0.08069497789683161,59.659940209266466,62.50397593826267
1764723600,111.52341257713928,111.54,111.422,111.48849999999999,111.718,111.048,111.38300000000001,NaN,NaN,NaN,NaN,NaN,111.50795380293958,111.54239065472578,111.47351695115339,111.57682750651198,111.43908009936719,111.45459999999949,111.64771449952543,111.26148550047354,111.45459999999949,111.55115724976245,111.35804275023652,111.36159456121695,111.44206143573054,108.96193828124983,111.09062265625134,111.23867750000018,111.3577999999997,111.45459999999949,0.13154481465017404,57.643032384014965,65.91192254514786,NaN,NaN,NaN,NaN,-0.0033441819534049816,0.07651475045507539,0.07985893240848037,53.415233477409735,58.936056671346456
1764727200,111.50595628856964,111.545,111.456,111.487,111.718,111.048,111.38300000000001,NaN,NaN,NaN,NaN,NaN,111.50601701108798,111.53784710674881,111.47418691542714,111.56967720240965,111.4423568197663,111.46673749999948,111.63426201105173,111.29921298894723,111.46673749999948,111.5504997555256,111.38297524447336,111.36651242156138,111.44614675975504,108.96530878906233,111.09513203125134,111.23740875000017,111.3581968749997,111.46673749999948,0.12850589931801865,57.464705629572165,65.56284612538055,NaN,NaN,NaN,NaN,-0.007728420899089955,0.07019840628461793,0.07792682718370789,46.94925055624708,53.34147474764111
1764730800,111.49647814428482,111.49647814428482,111.42,111.46000000000001,111.718,111.048,111.38300000000001,NaN,NaN,NaN,NaN,NaN,111.4999330316265,111.5335876079637,111.4662784552893,111.5672421843009,111.4326238789521,111.47526249999949,111.62189200526007,111.32863299473891,111.47526249999949,111.54857725262978,111.40194774736919,111.370178601108,111.44740614523185,108.96863710937484,111.09949218750134,111.23596125000019,111.3582812499997,111.47526249999949,0.12478963110136163,54.21357145631627,64.53216386145047,NaN,NaN,NaN,NaN,-0.012504761270865555,0.06229587559512595,0.0748006368659915,42.38484232170338,47.58310878512008
1764734400,111.47823907214242,111.5,111.432,111.45175,111.718,111.048,111.38300000000001,NaN,NaN,NaN,NaN,NaN,111.49494335284662,111.52892353587323,111.46096316982,111.56290371889985,111.42698298679339,111.47946249999947,111.61812912113878,111.34079587886016,111.47946249999947,111.54879581056912,111.41012918942982,111.37337747949591,111.44780104111986,108.97193027343732,111.10360937500134,111.23419750000018,111.35849374999971,111.47946249999947,0.12073322887983563,53.22272652163148,63.2511056441489,NaN,NaN,NaN,NaN,-0.01605139748845999,0.054736390005416524,0.07078778749387651,37.685643564357754,42.33991214743609
1764738000,111.4649945360712,111.474,111.395,111.43674999999999,111.718,111.048,111.38300000000001,NaN,NaN,NaN,NaN,NaN,111.48890394307053,111.52580746930758,111.45200041683347,111.56271099554463,111.41509689059642,111.48139999999948,111.61649648379307,111.3463035162059,111.48139999999948,111.54894824189627,111.4138517581027,111.37586267637843,111.44679640101805,108.97517949218732,111.10764453125134,111.23267250000018,111.35862812499973,111.48139999999948,0.11775228395984792,51.383875580469784,61.58427823688572,NaN,NaN,NaN,NaN,-0.019035543283512646,0.04699335838948571,0.06602890167299835,37.05060506050667,39.04036364885595
1764741600,111.4508722680356,111.4508722680356,111.328,111.402,111.718,111.048,111.38300000000001,NaN,NaN,NaN,NaN,NaN,111.47636685669491,111.52348401117716,111.42924970221266,111.57060116565941,111.38213254773041,111.4829249999995,111.61364235698005,111.35220764301894,111.4829249999995,111.54828367848978,111.41756632150921,111.37688766946162,111.4427240009255,108.97843632812483,111.11166250000136,111.23110000000017,111.35880937499971,111.4829249999995,0.11811799710811542,47.306173775939186,60.4501527454241,NaN,NaN,NaN,NaN,-0.022727710132089116,0.037619264007886954,0.06034697413997607,33.62910906475206,36.12178589653883
1764745200,111.42643613401779,111.468,111.374,111.42249999999999,111.718,111.048,111.38300000000001,NaN,NaN,NaN,NaN,NaN,111.46979400013433,111.51745430270915,111.4221336975595,111.56511460528398,111.37447339498468,111.4869624999995,111.60429102076353,111.36963397923549,111.4869624999995,111.54562676038151,111.4282982396175,111.37867638830626,111.4408854553868,108.98169140624982,111.11560781250134,111.22984625000015,111.35899374999971,111.4869624999995,0.11639528302896492,49.835300311084964,59.28274588715765,NaN,NaN,NaN,NaN,-0.023092374398482676,0.03148150614187273,0.054573880540355404,33.27758352758022,34.65243255094632
1764748800,111.42446806700889,111.552,111.42446806700889,111.48599999999999,111.718,111.048,111.38300000000001,NaN,NaN,NaN,NaN,NaN,111.47131425053377,111.51715030909452,111.42547819197301,111.56298636765527,111.37964213341226,111.49371249999952,111.59314467175219,111.39428032824685,111.49371249999952,111.54342858587584,111.44399641412319,111.3828851573923,111.44498677762437,108.98497871093733,111.11972265625134,111.22871750000014,111.3592374999997,111.49371249999952,0.11733133424118325,56.75862728970366,58.48959073053611,NaN,NaN,NaN,NaN,-0.0185555164708565,0.031379484951784775,0.049935001422641276,38.05361305360907,34.98676854864712
1764752400,111.45523403350444,111.524,111.441,111.49950000000001,111.718,111.048,111.38300000000001,NaN,NaN,NaN,NaN,NaN,111.47267768919036,111.51686011098059,111.42849526740014,111.56104253277081,111.38431284560991,111.49672499999949,111.59297427232919,111.40047572766979,111.49672499999949,111.54484963616434,111.44860036383463,111.38745828847495,111.44994252511306,108.98826249999983,111.12386484375136,111.22757125000017,111.3596406249997,111.49672499999949,0.11487909608109861,58.08312215820619,57.64730472413152,NaN,NaN,NaN,NaN,-0.014332900395108164,0.032018875928756074,0.04635177632386424,49.41724941724664,40.249481999478654
1764756000,111.47736701675223,111.596,111.47736701675223,111.53500000000001,111.718,111.048,111.38300000000001,NaN,NaN,NaN,NaN,NaN,111.47771622114979,111.5234473947077,111.43198504759188,111.56917856826561,111.38625387403397,111.49937499999949,111.59676833871319,111.40198166128579,111.49937499999949,111.54807166935633,111.45067833064265,111.39324423794652,111.45767502283006,108.9915832031248,111.12810468750135,111.22661875000016,111.3614874999997,111.49937499999949,0.11514723087871859,61.42886455251472,57.380583158542144,NaN,NaN,NaN,NaN,-0.009091945353228603,0.034986844632328484,0.04407878998555709,62.52913752913767,49.999999999997804
1764759600,111.50618350837613,111.534,111.45,111.487,111.718,111.048,111.38300000000001,NaN,NaN,NaN,NaN,NaN,111.47839686541745,111.52296866176133,111.43382506907358,111.5675404581052,111.3892532727297,111.49613749999949,111.59061255914334,111.40166244085565,111.49613749999949,111.54337502957142,111.44889997042756,111.39692093449763,111.46034092984551,108.99488281249981,111.13223750000137,111.22573875000016,111.36296249999968,111.49613749999949,0.11299385724452497,55.03266922474905,56.62632986010972,NaN,NaN,NaN,NaN,-0.008795507245652569,0.03308440592849138,0.04187991317414395,62.64568764568835,58.197358197357566
1764763200,111.49659175418806,111.506,111.43,111.45725,111.718,111.048,111.38300000000001,NaN,NaN,NaN,NaN,NaN,111.47771802269088,111.52129792807388,111.43413811730788,111.56487783345688,111.39055821192488,111.4961999999995,111.59057036033201,111.401829639667,111.4961999999995,111.54338518016576,111.44901481983325,111.39928678020361,111.46005993622319,108.99828769531231,111.13633671875134,111.22502750000017,111.36444999999969,111.4961999999995,0.11035143886991558,51.45648593139698,55.48961409763228,NaN,NaN,NaN,NaN,-0.010429017231901025,0.02884364163426767,0.039272658866168694,57.72144522144479,60.96542346542361
1764766800,111.47692087709403,111.505,111.335,111.445,111.718,111.048,111.38300000000001,NaN,NaN,NaN,NaN,NaN,111.47136377249745,111.51527580056242,111.42745174443249,111.55918782862739,111.38353971636752,111.49309999999949,111.58988990094781,111.39631009905116,111.49309999999949,111.54149495047365,111.44470504952533,111.40107945548974,111.458690851112,109.0018124999998,111.14048671875135,111.22420625000017,111.3654499999997,111.49309999999949,0.11461205037920744,50.01524884758077,54.437948291102444,NaN,NaN,NaN,NaN,-0.012045971044654977,0.02421519506034997,0.03626116610500495,48.14780990153875,56.1716475895573
1764770400,111.460960438547,111.516,111.27,111.396,111.718,111.048,111.38300000000001,NaN,NaN,NaN,NaN,NaN,111.45863362194352,111.50796684799856,111.40930039588848,111.5573000740536,111.35996716983344,111.4860249999995,111.58926972099265,111.38278027900635,111.4860249999995,111.53764736049608,111.43440263950292,111.4008802611568,111.4529916828291,109.0053347656248,111.14431406250137,111.22337125000017,111.3653749999997,111.4860249999995,0.12399690392355044,44.63043052655897,53.462488156409954,NaN,NaN,NaN,NaN,-0.01588562831850452,0.016404130706874298,0.03228975902537882,42.499776952893534,49.45634402529237
1764774000,111.4284802192735,111.464,111.215,111.31525,111.718,111.048,111.38300000000001,NaN,NaN,NaN,NaN,NaN,111.43766406782599,111.50293705338701,111.37239108226497,111.56821003894804,111.30711809670395,111.4730124999995,111.59223429661513,111.35379070338386,111.4730124999995,111.53262339830731,111.41340160169169,111.39752221169967,111.44046971166281,109.00872714843729,111.14787500000136,111.22326000000017,111.3647531249997,111.4730124999995,0.13292569650043934,37.47077079742992,52.02161232879673,NaN,NaN,NaN,NaN,-0.022907156147747392,0.0036558138406945773,0.02656296998844197,36.2064530414598,42.28467996529738
1764777600,111.37186510963676,111.37186510963676,111.154,111.24275,111.718,111.048,111.38300000000001,NaN,NaN,NaN,NaN,NaN,111.4188298696251,111.50178319330927,111.33587654594093,111.58473651699343,111.25292322225677,111.45841249999948,111.61073799624909,111.30608700374988,111.45841249999948,111.53457524812428,111.38224975187468,111.39145271320164,111.42249519242074,109.01199003906228,111.15128046875138,111.22311125000016,111.3633093749997,111.45841249999948,0.13899279743874807,32.439119634161216,50.23407047198167,NaN,NaN,NaN,NaN,-0.030976232937719478,-0.012157321183707381,0.018818911754012096,28.347276075611802,35.68450202332172
1764781200,111.30730755481838,111.30730755481838,111.185,111.23725,111.718,111.048,111.38300000000001,NaN,NaN,NaN,NaN,NaN,111.40934946553219,111.49926684828746,111.31943208277691,111.58918423104274,111.22951470002164,111.4431874999995,111.61831430202258,111.26806069797641,111.4431874999995,111.53075090101105,111.35562409898795,111.38540554797805,111.40565472038249,109.01522187499977,111.15455468750137,111.22269125000015,111.36164999999968,111.4431874999995,0.13780099439443586,32.08710734050125,48.65360874942344,NaN,NaN,NaN,NaN,-0.03493251420653805,-0.02484673100416046,0.010085783202377584,21.742121035776353,28.765283384282665
1764784800,111.27227877740918,111.282,111.201,111.24024999999999,111.718,111.048,111.38300000000001,NaN,NaN,NaN,NaN,NaN,111.40132792703265,111.49611775480902,111.30653809925629,111.59090758258539,111.21174827147992,111.4266749999995,111.61261525224239,111.24073474775662,111.4266749999995,111.51964512612095,111.33370487387806,111.37971317354754,111.39061792762044,109.01846484374978,111.1577484375014,111.22287875000016,111.36090312499968,111.4266749999995,0.13374378050911923,32.517262082368376,47.17464700376179,NaN,NaN,NaN,NaN,-0.03548151171076471,-0.0342661064360783,0.0012154052746864066,19.475867269984878,23.188421460457686
1764788400,111.25626438870458,111.26,111.197,111.23225000000001,111.718,111.048,111.38300000000001,NaN,NaN,NaN,NaN,NaN,111.39751991641135,111.4946001151215,111.30043971770121,111.59168031383165,111.20335951899106,111.41081249999952,111.60603115117301,111.21559384882603,111.41081249999952,111.50842182558627,111.31320317441278,111.37393030399666,111.3762208432913,109.02166308593728,111.16106328125139,111.22277625000015,111.36047812499969,111.41081249999952,0.1286906533298966,31.936348986996947,45.78553796137088,NaN,NaN,NaN,NaN,-0.03448723516469944,-0.041893638681187895,-0.007406403516488455,18.68401206636549,19.967333457375585
1764792000,111.24425719435229,111.302,111.2,111.25500000000001,111.718,111.048,111.38300000000001,NaN,NaN,NaN,NaN,NaN,111.39539724089501,111.49332809917064,111.29746638261938,111.59125895744627,111.19953552434374,111.39884999999951,111.60133718453409,111.19636281546494,111.39884999999951,111.5000935922668,111.29760640773223,111.3692663705066,111.36520076662846,109.02482675781229,111.16521406250138,111.22288875000015,111.35967187499969,111.39884999999951,0.12678417809204712,35.46700274341087,44.93988288761885,NaN,NaN,NaN,NaN,-0.030536789414221322,-0.04557739028426511,-0.015040600870043785,20.0226244343901,19.394167923580167
1764795600,111.24962859717616,111.314,111.249,111.27775000000001,111.718,111.048,111.38300000000001,NaN,NaN,NaN,NaN,NaN,111.39222532850994,111.49061966155405,111.29383099546583,111.58901399459816,111.19543666242171,111.3883124999995,111.59296469713652,111.18366030286248,111.3883124999995,111.49063859856801,111.28598640143099,111.36567749323183,111.35725069693497,109.02799453124979,111.16995156250138,111.22275500000015,111.35754687499968,111.3883124999995,0.1223710225140436,38.88128027130602,44.1574528847775,NaN,NaN,NaN,NaN,-0.024870963450945718,-0.04612930518372593,-0.021258341732780215,22.8506787330343,20.519105077929975
1764799200,111.26368929858808,111.322,111.238,111.28649999999999,111.614,111.154,111.384,NaN,NaN,NaN,NaN,NaN,111.28216666666667,111.28216801536583,111.28216531796751,111.28216936406498,111.28216396926835,111.37828749999949,111.58226257641951,111.17431242357947,111.37828749999949,111.4802750382095,111.27629996178948,111.36257249349724,111.35081881539543,109.03123515624979,111.17410859375138,111.22313375000016,111.35323124999968,111.37828749999949,0.11963023519161213,40.19193432510344,42.97411767302034,NaN,NaN,NaN,NaN,-0.01926374369890744,-0.045338021356414515,-0.026074277657507076,26.9419306184024,23.271744595275607
1764802800,111.27509464929403,111.304,111.166,111.2265,111.614,111.154,111.384,NaN,NaN,NaN,NaN,NaN,111.25392537014805,111.27871435963571,111.22913638066039,111.30350334912337,111.20434739117273,111.36661249999949,111.57716679657794,111.15605820342104,111.36661249999949,111.47188964828871,111.26133535171027,111.35723631728166,111.33951710490493,109.0343582031248,111.17772578125138,111.22463500000016,111.34525312499969,111.36661249999949,0.1209423612493545,34.697315359941484,41.30370290171572,NaN,NaN,NaN,NaN,-0.01833075532850335,-0.048987721818136265,-0.030656966489632915,24.792609351433494,24.861739567623406
1764806400,111.25079732464701,111.27,111.099,111.17949999999999,111.614,111.154,111.384,NaN,NaN,NaN,NaN,NaN,111.20526927448381,111.24112416960277,111.16941437936485,111.27697906472173,111.1335594842459,111.3529999999995,111.57468547521219,111.1313145247868,111.3529999999995,111.46384273760584,111.24215726239315,111.35026626562356,111.32497009536812,109.03733828124977,111.18086171875139,111.22584500000015,111.3368656249997,111.3529999999995,0.12451790687440005,31.109552515836924,39.13803775623874,NaN,NaN,NaN,NaN,-0.01950498429631356,-0.05503819686002487,-0.03553321256371131,21.628612541389984,24.454384170408634
1764810000,111.2151486623235,111.321,111.151,111.21549999999999,111.614,111.154,111.384,NaN,NaN,NaN,NaN,NaN,111.21477041728481,111.24495708752023,111.18458374704939,111.27514375775566,111.15439707681396,111.34193749999949,111.56784317014701,111.11603182985196,111.34193749999949,111.45489033507326,111.22898466492572,111.34498131403048,111.31501826851647,109.04035820312478,111.1837843750014,111.22641500000016,111.3301406249997,111.34193749999949,0.127766627811943,36.523685098669716,37.815967461518774,NaN,NaN,NaN,NaN,-0.016597099343785462,-0.05627958674344313,-0.03968248739965767,20.948703979551343,22.456641957458285
1764813600,111.21532433116175,111.329,111.21532433116175,111.27125000000001,111.614,111.154,111.384,NaN,NaN,NaN,NaN,NaN,111.23110377599566,111.26738292675977,111.19482462523156,111.30366207752387,111.15854547446746,111.33539999999951,111.56154212326489,111.10925787673413,111.33539999999951,111.4484710616322,111.22232893836681,111.34208988995086,111.31103933501497,109.0434007812498,111.18706718750138,111.22740125000014,111.3240968749997,111.33539999999951,0.12676013074239284,43.87931543415565,37.274740997430115,NaN,NaN,NaN,NaN,-0.009984833596889918,-0.05216352939577007,-0.04217869579888015,29.250117147659466,23.942477889533606
1764817200,111.24328716558088,111.379,111.24328716558088,111.32575,111.614,111.154,111.384,NaN,NaN,NaN,NaN,NaN,111.2521644824487,111.30048005651913,111.20384890837828,111.34879563058956,111.15553333430785,111.3305624999995,111.55315629325078,111.10796870674822,111.3305624999995,111.44185939662513,111.21926560337387,111.34144910995278,111.31237666819543,109.04645156249981,111.19059296875139,111.22905625000016,111.31907812499969,111.3305624999995,0.12739960957644506,49.98137261236826,37.27232126634351,NaN,NaN,NaN,NaN,-0.0014543742548436406,-0.043996663617434706,-0.042542289362591065,41.20703437250093,30.46861849990391
1764820800,111.28451858279044,111.386,111.275,111.338,111.614,111.154,111.384,NaN,NaN,NaN,NaN,NaN,111.26392037543151,111.3169014741476,111.21093927671542,111.36988257286369,111.15795817799933,111.32316249999948,111.5341313527135,111.11219364728547,111.32316249999948,111.42864692635649,111.21767807364247,111.34131385073894,111.31470606199584,109.0495505859373,111.19416562500139,111.23092000000015,111.3140499999997,111.32316249999948,0.12622820889241254,51.26407756935209,37.74615319797158,NaN,NaN,NaN,NaN,0.0051382094132501055,-0.03611952759602843,-0.04125773700927854,53.72096843073421,41.3927066502982
1764824400,111.31125929139522,111.401,111.167,111.2875,111.614,111.154,111.384,NaN,NaN,NaN,NaN,NaN,111.26790394207399,111.31637524342804,111.21943264071993,111.3648465447821,111.17096133936587,111.31256249999949,111.50773882235319,111.11738617764578,111.31256249999949,111.41015066117633,111.21497433882264,111.33920350365113,111.31223278363258,109.05262617187479,111.19754296875139,111.23255125000014,111.3081406249997,111.31256249999949,0.13392619397152555,46.02419908205782,38.357112361159295,NaN,NaN,NaN,NaN,0.00615430659901519,-0.03356485376050955,-0.03971916035952474,60.75772313293182,51.89524197872232
1764828000,111.2993796456976,111.2993796456976,111.182,111.22375000000001,111.614,111.154,111.384,NaN,NaN,NaN,NaN,NaN,111.26348363961931,111.30995019518141,111.2170170840572,111.35641675074352,111.1705505284951,111.29699999999949,111.46672588172854,111.12727411827044,111.29699999999949,111.38186294086401,111.21213705913496,111.33467591527265,111.30418889421144,109.0556755859373,111.2007234375014,111.23364625000015,111.30224374999969,111.29699999999949,0.1327442976662449,40.40906234878121,38.92639398363216,NaN,NaN,NaN,NaN,0.0027622936434569187,-0.03626629330520359,-0.03902858694866051,56.40153920590267,56.96007692318957
1764831600,111.26156482284881,111.275,111.146,111.2085,111.614,111.154,111.384,NaN,NaN,NaN,NaN,NaN,111.2581045704554,111.30503341076407,111.21117573014673,111.35196225107273,111.16424688983807,111.28307499999949,111.4326667859684,111.13348321403058,111.28307499999949,111.35787089298394,111.20827910701503,111.32972784016393,111.29548990382858,109.05868457031231,111.20378515625141,111.23422125000016,111.29644374999968,111.28307499999949,0.13247684783294206,39.17769587453923,39.4328645932063,NaN,NaN,NaN,NaN,-0.00012596155605697906,-0.039186038893731734,-0.039060077337674755,46.66114790287018,54.60680341390156
1764835200,111.23503241142441,111.23503241142441,110.872,111.06700000000001,111.614,111.154,111.384,NaN,111.154,NaN,NaN,NaN,111.22429296480036,111.31062047011801,111.1379654594827,111.39694797543567,111.05163795416505,111.26356249999951,111.41888489628529,111.10824010371373,111.26356249999951,111.3412236981424,111.18590130185662,111.31942478760848,111.27471809438963,109.0615281249998,111.20640859375142,111.23368875000017,111.29072187499969,111.26356249999951,0.14894510237518999,30.03285019197986,39.25540660103569,NaN,NaN,NaN,NaN,-0.010603757008418528,-0.05231477359819792,-0.04171101658977939,38.14274298209525,47.06847669695603
1764838800,111.15101620571221,111.15101620571221,110.894,110.96025,111.614,111.154,111.384,NaN,NaN,NaN,NaN,NaN,111.20512587179445,111.3086081535467,111.1016435900422,111.41209043529895,110.99816130828995,111.23932499999951,111.42260348322941,111.05604651676961,111.23932499999951,111.33096424161445,111.14768575838457,111.30533950181992,111.24613008580876,109.0642599609373,111.20878125000141,111.23271625000015,111.2845156249997,111.23932499999951,0.15666446689926247,25.24529245971219,38.777473991943914,NaN,NaN,NaN,NaN,-0.023047433981293067,-0.07052030906639573,-0.04747287508510266,29.934233862050366,38.2460415823386
1764842400,111.0556331028561,111.0556331028561,110.8,110.8675,111.614,111.154,111.384,NaN,NaN,NaN,NaN,NaN,111.19241399969114,111.3101849318629,111.07464306751937,111.42795586403467,110.95687213534761,111.21289999999951,111.44428546823816,110.98151453176085,111.21289999999951,111.32859273411884,111.09720726588017,111.28816932527796,111.21170916891705,109.0669300781248,111.21086250000141,111.23127125000018,111.27907499999966,111.21289999999951,0.16373365518189437,21.968502224760442,37.81329538346889,NaN,NaN,NaN,NaN,-0.035124992239141326,-0.09137911538402932,-0.056254123144887994,21.59190154615359,29.88962613009974
1764846000,110.96156655142806,110.96156655142806,110.604,110.722,111.614,111.154,111.384,NaN,NaN,NaN,NaN,NaN,111.1688627068828,111.31946144599495,111.01826396777066,111.47006018510709,110.86766522865852,111.18323749999949,111.49327175101965,110.87320324897934,111.18323749999949,111.33825462550958,111.02822037448941,111.26596660663961,111.16719015356095,109.06945644531228,111.2123718750014,111.22920375000018,111.27288124999968,111.18323749999949,0.1775788620566208,18.017580213252558,36.32303109360793,NaN,NaN,NaN,NaN,-0.04962627362222713,-0.1182869651726719,-0.06866069155044477,14.23974052012503,21.921958642776328
1764849600,110.84178327571402,110.84178327571402,110.618,110.684,111.614,111.154,111.384,NaN,NaN,NaN,NaN,NaN,111.14639597476736,111.32319944446122,110.96959250507349,111.50000291415509,110.79278903537963,111.15529999999949,111.53231258591244,110.77828741408653,111.15529999999949,111.34380629295596,110.96679370704301,111.24314438677139,111.1232637759645,109.07190839843729,111.2138617187514,111.22711750000016,111.26604062499969,111.15529999999949,0.1808791773178641,17.15008027511483,34.6771843757516,NaN,NaN,NaN,NaN,-0.057913009396205056,-0.14105195329570108,-0.08313894389949603,12.024814351655925,15.952152139311515
1764853200,110.76289163785701,110.982,110.709,110.81325,111.614,111.154,111.384,NaN,NaN,NaN,NaN,NaN,111.12060688692047,111.31046129408628,110.93075247975466,111.50031570125209,110.74089807258885,111.13409999999949,111.53708537185963,110.73111462813935,111.13409999999949,111.33559268592957,110.93260731406941,111.2262857833686,111.09508070542228,109.0744927734373,111.21566484375141,111.22575750000016,111.2609624999997,111.13409999999949,0.18924495036658823,29.57105820054612,34.31102315008051,NaN,NaN,NaN,NaN,-0.05106468425919053,-0.1469697992234842,-0.09590511496429366,17.032622333751235,14.432392401844064
1764856800,110.7880708189285,110.969,110.768,110.87899999999999,111.614,111.154,111.384,NaN,NaN,NaN,NaN,NaN,111.1017371815242,111.29575757285447,110.90771679019393,111.48977796418474,110.71369639886366,111.11603749999949,111.53059006820027,110.70148493179872,111.11603749999949,111.32331378409988,110.9087612158991,111.21266673304042,111.07543700492934,109.07715488281231,111.21749375000141,111.22450625000016,111.25624687499972,111.11603749999949,0.19008459676897432,34.91651002497383,34.58294868644742,NaN,NaN,NaN,NaN,-0.03902503158568793,-0.14468640444640357,-0.10566137286071564,23.598912588874494,17.552116424760552
1764860400,110.83353540946425,111.056,110.83353540946425,110.97875,111.614,111.154,111.384,NaN,NaN,NaN,NaN,NaN,111.09243391211578,111.28350380644969,110.90136401778187,111.4745737007836,110.71029412344797,111.1033624999995,111.51842841258558,110.68829658741343,111.1033624999995,111.31089545629254,110.89582954370647,111.20349352782316,111.06664727720849,109.0799638671873,111.21955468750141,111.22345750000017,111.25355624999972,111.1033624999995,0.19239745346660117,42.09673629886299,34.98102377217552,NaN,NaN,NaN,NaN,-0.022103947362046836,-0.1332913070632742,-0.11118735970122735,35.92639063153484,25.51930851805352
1764864000,110.90614270473213,111.154,110.90614270473213,111.0625,111.614,111.154,111.384,NaN,NaN,NaN,NaN,NaN,111.08857359727327,111.2728508298088,110.90429636473773,111.45712806234434,110.7200191322022,111.09373749999949,111.5031814055652,110.68429359443378,111.09373749999949,111.29845945278235,110.88901554721663,111.19796436986931,111.06627025200771,109.08292832031232,111.22177968750141,111.22272500000015,111.2523281249997,111.09373749999949,0.1963588707381199,47.34882398510365,35.22884581152895,NaN,NaN,NaN,NaN,-0.00398101086145089,-0.11616362327804097,-0.11218261241659008,46.35089920535351,35.29206747525428
1764867600,110.98432135236607,111.15,110.98432135236607,111.11975,111.614,111.154,111.384,NaN,NaN,NaN,NaN,NaN,111.08839156008716,111.26829947487168,110.90848364530264,111.4482073896562,110.72857573051812,111.0858374999995,111.48678373305356,110.68489126694544,111.0858374999995,111.28631061652652,110.88536438347248,111.19489713967836,111.07113204727973,109.08599921874982,111.22426875000141,111.22254625000016,111.25243437499971,111.0858374999995,0.19416742623067842,50.64446676708643,35.2762096797231,NaN,NaN,NaN,NaN,0.012263094522359783,-0.09685374426364035,-0.10911683878600013,56.419907988289786,46.23239927505938
1764871200,111.05203567618304,111.136,111.05203567618304,111.113,111.614,111.154,111.384,NaN,NaN,NaN,NaN,NaN,111.08869780212842,111.26629626846966,110.91109933578718,111.4438947348109,110.73350086944595,111.0771624999995,111.46774070188764,110.68658429811137,111.0771624999995,111.27245160094357,110.88187339905544,111.19168548714195,111.07493822479975,109.0891333984373,111.22666171875142,111.22274125000017,111.25354999999972,111.0771624999995,0.18629577605826977,50.24513027580767,35.20342773018421,NaN,NaN,NaN,NaN,0.022365761557517183,-0.08115963683910365,-0.10352539839662084,62.034713508992205,54.93517356754517
1764874800,111.08251783809152,111.132,111.04,111.1055,111.614,111.154,111.384,NaN,NaN,NaN,NaN,NaN,111.08878706459808,111.2642893948184,110.91328473437775,111.43979172503873,110.73778240415743,111.0711124999995,111.45595686697902,110.68626813301998,111.0711124999995,111.26353468348927,110.87869031650973,111.18830566411678,111.07771656799977,109.09225390624981,111.22896562500141,111.22268125000015,111.25461249999971,111.0711124999995,0.17956036348267898,49.77549066589015,35.47137712902938,NaN,NaN,NaN,NaN,0.02799065617275072,-0.06853707818068244,-0.09652773435343316,66.89826263439575,61.784294710559244
1764878400,111.09400891904576,111.162,111.09400891904576,111.13225,111.614,111.154,111.384,NaN,NaN,NaN,NaN,NaN,111.08999648572032,111.26300503749891,110.91698793394173,111.43601358927751,110.74397938216313,111.0687499999995,111.45147816713934,110.68602183285965,111.0687499999995,111.26011408356942,110.87738591642957,111.18610740277887,111.08267415272707,109.09541367187481,111.23136640625141,111.22243750000014,111.25688437499971,111.0687499999995,0.17159112901636214,51.516154890654654,36.26474088202034,NaN,NaN,NaN,NaN,0.032636062132021915,-0.05573265668840577,-0.08836871882042768,71.56971750022686,66.83423121453826
1764882000,111.11312945952288,111.17,111.11312945952288,111.14825,111.614,111.154,111.384,NaN,NaN,NaN,NaN,NaN,111.09071374495025,111.26267581752009,110.91875167238041,111.43463789008993,110.74678959981057,111.0653874999995,111.44405960326216,110.68671539673684,111.0653874999995,111.25472355163083,110.87605144836817,111.18462279874834,111.08863559338825,109.09856972656232,111.23381406250144,111.22184875000015,111.26012187499973,111.0653874999995,0.16339680126355918,52.57489289068209,37.22168352603054,NaN,NaN,NaN,NaN,0.035663599647791644,-0.04378921926068813,-0.07945281890847977,79.03073717280891,72.4995724358105
1764885600,111.13068972976144,111.144,111.084,111.116,111.401,110.604,111.0025,NaN,NaN,NaN,NaN,NaN,111.11466666666666,111.11466666666666,111.11466666666666,111.11466666666666,111.11466666666666,111.05762499999949,111.42530419090828,110.6899458090907,111.05762499999949,111.24146459545389,110.87378540454509,111.18193170860134,111.0911232667166,109.10168593749981,111.23601484375142,111.22080250000016,111.26197812499973,111.05762499999949,0.15631488688759076,50.19558112568855,38.661878592724015,NaN,NaN,NaN,NaN,0.034357893210347795,-0.036505452395545035,-0.07086334560589283,85.14423241135536,78.58156236146371
1764889200,111.12334486488072,111.164,111.104,111.12950000000001,111.401,110.604,111.0025,NaN,NaN,NaN,NaN,NaN,111.12718767605634,111.13534338941352,111.11903196269915,111.1434991027707,111.11087624934197,111.04781249999948,111.39632052976842,110.69930447023054,111.04781249999948,111.22206651488395,110.87355848511501,111.179875563166,111.09461206065144,109.10484746093732,111.23772656250142,111.22021250000016,111.26314687499973,111.04781249999948,0.14943525210990588,51.19134985850939,40.51516840692382,NaN,NaN,NaN,NaN,0.03324599023208592,-0.02930585781578543,-0.06255184804787135,89.85047926265293,84.67514961560573
1764892800,111.12642243244036,111.218,111.045,111.11300000000001,111.401,110.604,111.0025,NaN,NaN,NaN,NaN,NaN,111.12588248175183,111.13040075737105,111.12136420613261,111.13491903299027,111.11684593051339,111.03656249999949,111.36053737834764,110.71258762165134,111.03656249999949,111.19854993917356,110.87457506082542,111.17725299206144,111.09628369150131,109.10802167968731,111.23932031250142,111.21996125000018,111.26369999999974,111.03656249999949,0.1511184483877699,49.878724451746706,42.50875570885141,NaN,NaN,NaN,NaN,0.030323543047652154,-0.024647419238306156,-0.05497096228595831,88.73430324236682,87.90967163879169
1764896400,111.1197112162202,111.163,111.044,111.09675,111.401,110.604,111.0025,NaN,NaN,NaN,NaN,NaN,111.11769566276803,111.12987217457258,111.10551915096347,111.14204868637714,111.09334263915892,111.02702499999948,111.33153517623391,110.72251482376505,111.02702499999948,111.1792800881167,110.87476991188227,111.1740960119806,111.09632608318302,109.11126699218732,111.24076875000142,111.21952750000018,111.26371249999974,111.02702499999948,0.14882427350292918,48.55815719241618,44.69022549307738,NaN,NaN,NaN,NaN,0.02636632226892307,-0.022013059449804473,-0.04837938171872754,85.17840414539,87.92106221680324
1764900000,111.10823060811009,111.162,111.10823060811009,111.13475,111.401,110.604,111.0025,NaN,NaN,NaN,NaN,NaN,111.12070398855388,111.13356748004462,111.10784049706315,111.14643097153535,111.09497700557242,111.02257499999946,111.31791891385055,110.72723108614838,111.02257499999946,111.170246956925,110.87490304307393,111.17255303111861,111.09981916653001,109.11460781249983,111.24250859375142,111.21935750000017,111.26385937499974,111.02257499999946,0.14285468253843467,51.77362884895326,47.16333610549441,NaN,NaN,NaN,NaN,0.02536998358068209,-0.016666902242874926,-0.04203688582355702,82.1116967512748,85.34146804634388
1764903600,111.12149030405504,111.179,111.12,111.14975000000001,111.401,110.604,111.0025,NaN,NaN,NaN,NaN,NaN,111.12489047106813,111.14053842446505,111.1092425176712,111.15618637786197,111.09359456427428,111.01963749999948,111.3086264043044,110.73064859569455,111.01963749999948,111.16413195215193,110.87514304784702,111.17165879460416,111.1043583332091,109.11794062499982,111.24457734375142,111.21940125000019,111.26441874999973,111.01963749999948,0.13686506235711773,53.02191967757858,48.83839763956816,NaN,NaN,NaN,NaN,0.02475606855316021,-0.011091800132106755,-0.035847868685266966,82.75646692861831,83.34885594176103
1764907200,111.13562015202753,111.164,110.955,111.077,111.401,110.604,111.0025,NaN,NaN,NaN,NaN,NaN,111.10996936019906,111.13911609402321,111.08082262637491,111.16826282784736,111.05167589255076,111.02013749999949,111.30948683350121,110.73078816649777,111.02013749999949,111.16481216675035,110.87546283324863,111.16794668501184,111.10187121200828,109.12121406249983,111.24650859375143,111.21908000000019,111.26458437499973,111.02013749999949,0.14201755790303813,46.70736171364029,49.68060133161576,NaN,NaN,NaN,NaN,0.01875760761970518,-0.012400859160635491,-0.03115846678034067,77.26778513110126,80.71198293699813
1764910800,111.10631007601376,111.10631007601376,110.794,110.92275,111.401,110.604,111.0025,NaN,NaN,NaN,NaN,NaN,111.08854758059705,111.1510145255042,111.02608063568991,111.21348147041134,110.96361369078276,111.01826249999947,111.30961887426476,110.72690612573417,111.01826249999947,111.16394068713211,110.87258431286682,111.15833112873686,111.08558746546207,109.12435839843731,111.24790781250144,111.21770125000019,111.26281874999972,111.01826249999947,0.15418130919666106,36.72151391021797,49.29665687528397,NaN,NaN,NaN,NaN,0.004454774879355167,-0.02558999818114671,-0.030044773060501878,59.508173548395014,73.17747520270485
1764914400,111.01453003800688,111.01453003800688,110.755,110.82925,111.401,110.604,111.0025,NaN,NaN,NaN,NaN,NaN,111.06733604567425,111.15562474978206,110.97904734156644,111.24391345388987,110.89075863745863,111.01634999999946,111.3121086599816,110.72059134001732,111.01634999999946,111.16422932999053,110.86847067000839,111.14542598643345,111.06228405951097,109.1274142578123,111.24905312500145,111.2158075000002,111.25977187499973,111.01634999999946,0.16170621839739144,32.22420300201307,48.21632680506321,NaN,NaN,NaN,NaN,-0.010436529356724941,-0.04309043475640806,-0.03265390539968312,36.57596812482864,57.78397560144163
1764918000,110.92189001900344,110.92189001900344,110.718,110.82875,111.401,110.604,111.0025,NaN,NaN,NaN,NaN,NaN,111.03085350337247,111.15009690764025,110.91161009910469,111.26934031190802,110.79236669483691,111.02168749999946,111.29930161497073,110.74407338502819,111.02168749999946,111.1604945574851,110.88288044251382,111.1330073202988,111.04105369046452,109.1305039062498,111.25015703125146,111.21382250000019,111.25645937499974,111.02168749999946,0.16471934701210908,32.20149121036559,46.89897140815458,NaN,NaN,NaN,NaN,-0.018957219654431104,-0.05635042996772199,-0.03739321031329089,22.850761033456607,39.644967568893414
1764921600,110.87532000950172,111.096,110.851,110.96825000000001,111.401,110.604,111.0025,NaN,NaN,NaN,NaN,NaN,111.02347036884343,111.13671625092383,110.91022448676304,111.24996213300422,110.79697860468265,111.03589999999947,111.26833528119695,110.80346471880199,111.03589999999947,111.1521176405982,110.91968235940074,111.12654624891454,111.03443517314956,109.13371347656232,111.25163281250146,111.2129712500002,111.25447187499974,111.03589999999947,0.172042965082673,44.0498760157567,46.456453246722376,NaN,NaN,NaN,NaN,-0.014060583616963482,-0.054968939834495245,-0.04090835621753176,29.412239020878967,29.61298939305473
1764925200,110.92178500475086,111.124,110.92178500475086,111.08375,111.401,110.604,111.0025,NaN,NaN,NaN,NaN,NaN,111.02455754348104,111.1347274718621,110.91438761509997,111.24489740024318,110.8042176867189,111.04942499999945,111.2587997297781,110.84005027022079,111.04942499999945,111.15411236488877,110.94473763511012,111.12486796464337,111.03891833922687,109.13703828124983,111.25348671875145,111.21315000000018,111.25332499999972,111.04942499999945,0.17419811009456324,51.59282555056421,46.58626288134195,NaN,NaN,NaN,NaN,-0.0025104941392073282,-0.04404647389154093,-0.0415359797523336,48.449999999999704,33.57100001811176
1764928800,111.00276750237543,111.274,111.00276750237543,111.1805,111.401,110.604,111.0025,NaN,NaN,NaN,NaN,NaN,111.03264169331791,111.14371987214706,110.92156351448877,111.2547980509762,110.81048533565962,111.06449999999947,111.26588507878111,110.86311492121783,111.06449999999947,111.16519253939029,110.96380746060865,111.12704961308873,111.05178939929715,109.14046621093732,111.25567968750144,111.21379375000019,111.25341249999974,111.06449999999947,0.18112913777527778,56.841613435616296,46.96665277741064,NaN,NaN,NaN,NaN,0.01141351700744729,-0.027269083493024482,-0.03868260050047177,68.79448441246961,48.88557447778277
1764932400,111.09163375118771,111.301,111.09163375118771,111.26475,111.401,110.604,111.0025,NaN,NaN,NaN,NaN,NaN,111.04109070839948,111.15634518512793,110.92583623167103,111.27159966185638,110.81058175494258,111.07879999999946,111.29394504402067,110.86365495597825,111.07879999999946,111.18637252201007,110.97122747798885,111.13244962826172,111.0711494539065,109.14392851562484,111.25827812500145,111.21485250000019,111.25447187499974,111.07879999999946,0.18314607427792134,60.82507875279456,47.555951767561524,NaN,NaN,NaN,NaN,0.02527180208131171,-0.007092847898832133,-0.03236464998014384,83.37187149079979,66.87211863442303
1764936000,111.17819187559385,111.4,111.17819187559385,111.32625000000002,111.401,110.604,111.0025,NaN,NaN,NaN,NaN,NaN,111.05093700036187,111.17442067927828,110.92745332144546,111.2979043581947,110.80396964252904,111.09198749999946,111.33237242430725,110.85160257569167,111.09198749999946,111.21217996215336,110.97179503784557,111.1400496428397,111.09434041264227,109.14739941406235,111.26138281250147,111.2161175000002,111.25626874999973,111.09198749999946,0.18590764928708067,63.47524455755838,48.50449915555223,NaN,NaN,NaN,NaN,0.0368529657220322,0.013701557172396406,-0.023151408549635794,88.7172771604001,80.29454435455649
1764939600,111.25222093779693,111.768,111.25222093779693,111.5575,111.401,110.604,111.0025,111.401,NaN,NaN,NaN,NaN,111.10015046797638,111.28621832275275,110.91408261320001,111.47228617752911,110.72801475842364,111.11387499999947,111.42860486425492,110.79914513574401,111.11387499999947,111.2712399321272,110.95651006787173,111.15642024508128,111.13644582967478,109.15106015624986,111.26511406250147,111.21867000000019,111.26065624999971,111.11387499999947,0.20946989306679392,71.32930790220263,49.94292473010175,NaN,NaN,NaN,NaN,0.057148823098178855,0.04828462032308778,-0.008864202775091078,87.64025306539088,86.57646723886359
1764943200,111.40486046889848,111.895,111.40486046889848,111.80350000000001,111.401,110.604,111.0025,NaN,NaN,NaN,NaN,NaN,111.1432065384938,111.38019261117152,110.90622046581608,111.61717868384925,110.66923439313835,111.14839999999944,111.58360496318569,110.71319503681319,111.14839999999944,111.36600248159257,110.93079751840631,111.18179592174477,111.19708711788617,109.15489999999984,111.26956562500148,111.22265375000018,111.26764687499971,111.14839999999944,0.2295177243549886,76.99619760932592,51.87988709850026,NaN,NaN,NaN,NaN,0.08265399610851686,0.094453292360555,0.01179929625203814,87.12153208731552,87.82635410436883
1764946800,111.60418023444925,112.117,111.60418023444925,111.97025000000002,111.401,110.604,111.0025,NaN,NaN,NaN,NaN,NaN,111.2131340079428,111.5274338582669,110.8988341576187,111.84173370859101,110.58453430729459,111.19163749999946,111.75434953722242,110.6289254627765,111.19163749999946,111.47299351861095,110.91028148138797,111.21271568951948,111.26737465262379,109.15889707031235,111.27461406250147,111.22778250000017,111.27615624999972,111.19163749999946,0.2497535844404008,79.89679413433649,54.118361165780286,NaN,NaN,NaN,NaN,0.10484130888877255,0.14285093236300384,0.038009623474231286,87.22958126641765,87.33045547304134
1764950400,111.78721511722463,112.165,111.78721511722463,112.06825,111.401,110.604,111.0025,NaN,NaN,NaN,NaN,NaN,111.26689829762155,111.63004318839964,110.90375340684346,111.99318807917773,110.54060851606538,111.23843749999946,111.9173103870998,110.55956461289912,111.23843749999946,111.57787394354963,110.8990010564493,111.24626605463637,111.34018150238526,109.16303789062485,111.27976718750146,111.23365000000018,111.28491249999972,111.23843749999946,0.2588986771786131,81.3825669604458,56.233285316601176,NaN,NaN,NaN,NaN,0.11915953661808187,0.18695904424683363,0.06779950762875175,91.68337181281349,88.67816172218221
1764954000,111.92773255861232,112.268,111.92773255861232,112.1525,111.401,110.604,111.0025,NaN,NaN,NaN,NaN,NaN,111.29941022842412,111.69104356008864,110.9077768967596,112.08267689175317,110.51614356509508,111.28864999999944,112.07367134364621,110.50362865635266,111.28864999999944,111.68116067182282,110.89613932817605,111.28180464072906,111.41402863853206,109.16729160156233,111.28480546875149,111.24059500000017,111.29434374999974,111.28864999999944,0.2647107317649751,82.57488280674818,58.34421125439901,NaN,NaN,NaN,NaN,0.12664590756470248,0.22610689208462986,0.09946098451992738,91.79083474481622,90.23459594134913
1764957600,112.04011627930616,112.274,112.04011627930616,112.2285,111.401,110.604,111.0025,NaN,NaN,NaN,NaN,NaN,111.32366182959116,111.73590635164335,110.91141730753897,112.14815087369554,110.49917278548678,111.34427499999944,112.22437950940784,110.46417049059104,111.34427499999944,111.78432725470364,110.90422274529524,111.31892994893576,111.4880714895746,109.17160019531234,111.28968984375146,111.24791750000018,111.30505624999971,111.34427499999944,0.26250880240275115,83.59549999830536,60.979078274732224,NaN,NaN,NaN,NaN,0.1286426077316563,0.2602642441844978,0.13162163645284147,94.31265838797374,92.59562164853448
1764961200,112.13430813965309,112.272,112.13430813965309,112.23775,111.401,110.604,111.0025,NaN,NaN,NaN,NaN,NaN,111.34140816826876,111.76809102692721,110.9147253096103,112.19477388558566,110.48804245095185,111.39968749999943,112.35505948088797,110.44431551911089,111.39968749999943,111.8773734904437,110.92200150955516,111.35496210780103,111.55622408143145,109.17585058593735,111.29432187500149,111.25509125000019,111.31625624999973,111.39968749999943,0.2535933065416203,83.72048030415192,64.33614730287037,NaN,NaN,NaN,NaN,0.12254078669979554,0.2847976198275859,0.16225683312779035,95.76484368521443,93.95611227266812
1764964800,112.18602906982655,112.34,112.186,112.27125000000001,111.401,110.604,111.0025,NaN,NaN,NaN,NaN,NaN,111.35688550064752,111.79629037794811,110.91748062334693,112.2356952552487,110.47807574604634,111.45759999999946,112.47485438556899,110.44034561442993,111.45759999999946,111.96622719278422,110.9489728072147,111.39089496631864,111.62122643766496,109.18008007812485,111.29919453125149,111.26253250000018,111.32775937499972,111.45759999999946,0.2464794989315043,84.19025666812391,68.04800827902115,NaN,NaN,NaN,NaN,0.11295112012346184,0.30344573328211766,0.19049461315865582,96.83584987695973,95.63778398338262
1764968400,112.22863953491327,112.45,112.22863953491327,112.36925,111.401,110.604,111.0025,NaN,NaN,NaN,NaN,NaN,111.39084649666236,111.85884152443812,110.9228514688866,112.32683655221388,110.45485644111085,111.52122499999943,112.59769725811319,110.44475274188568,111.52122499999943,112.0594611290563,110.98298887094256,111.42926183038458,111.68922857969541,109.18433769531234,111.30437812500148,111.27089750000019,111.33938437499974,111.52122499999943,0.24468528222830632,85.50775811488921,71.8555987722014,NaN,NaN,NaN,NaN,0.10553684656456974,0.322415671364368,0.21687882479979825,96.12722762858566,96.24264039691991
1765144800,112.29894476745663,112.29894476745663,112.185,112.22975,112.45,110.718,111.584,NaN,NaN,NaN,NaN,NaN,112.23789825581889,112.23789825581889,112.23789825581889,112.23789825581889,112.23789825581889,111.57597499999945,112.67930234148827,110.47264765851062,111.57597499999945,112.12763867074385,111.02431132925504,111.46065352331067,111.7383668906322,109.18850410156233,111.30888515625149,111.27889000000022,111.34873124999974,111.57597499999945,0.24036847635485525,75.82159036055955,74.12500693968732,NaN,NaN,NaN,NaN,0.08447750069817159,0.32247570067251274,0.23799819997434116,92.099711747364,95.02092975096978
1765148400,112.2643473837283,112.328,112.243,112.2705,112.45,110.718,111.584,NaN,NaN,NaN,NaN,NaN,112.26993851265135,112.28833396786159,112.25154305744111,112.30672942307183,112.23314760223087,111.63201249999945,112.75669461591018,110.50733038408872,111.63201249999945,112.19435355795481,111.06967144204408,111.49241220867104,111.78674262784745,109.19274238281234,111.3136468750015,111.2870362500002,111.35771562499974,111.63201249999945,0.23021715661522327,76.65355582544746,75.91505910217897,NaN,NaN,NaN,NaN,0.06728024615864647,0.32209850767264925,0.2548182615140028,89.37824887168453,92.53506274921138
1765152000,112.26742369186415,112.28,112.163,112.21875,112.45,110.718,111.584,NaN,NaN,NaN,NaN,NaN,112.2530679371084,112.2808304549485,112.2253054192683,112.3085929727886,112.19754290142819,111.68909999999946,112.81120442248653,110.56699557751239,111.68909999999946,112.25015221124299,111.12804778875592,111.52089604362511,111.82601602531587,109.19691152343735,111.3176625000015,111.29456250000021,111.36724999999974,111.68909999999946,0.22213021685699336,73.20842244500498,77.0841168885639,NaN,NaN,NaN,NaN,0.04734870494822935,0.31400414269928945,0.2666554377510601,85.38688351342743,88.95494804415864
1765155600,112.24308684593208,112.24308684593208,112.07,112.132,112.45,110.718,111.584,NaN,NaN,NaN,NaN,NaN,112.22337836591568,112.27609840406699,112.17065832776437,112.32881844221829,112.11793828961306,111.74956249999946,112.8295018949895,110.6696231050094,111.74956249999946,112.28953219749448,111.20959280250443,111.54486090465943,111.85383275028715,109.20104140624983,111.3205101562515,111.30194875000021,111.37506249999974,111.74956249999946,0.218627118933786,67.71430460336606,77.576204449319,NaN,NaN,NaN,NaN,0.024406674640131798,0.2971637810512249,0.2727571064110931,81.85637266396492,85.54050168302562
1765159200,112.18754342296604,112.188,112.064,112.12049999999999,112.45,110.718,111.584,NaN,NaN,NaN,NaN,NaN,112.20625324581722,112.2671251359569,112.14538135567754,112.32799702609658,112.08450946553786,111.81412499999945,112.81797744806384,110.81027255193506,111.81412499999945,112.31605122403165,111.31219877596725,111.56743498682965,111.87807522753377,109.20524999999984,111.3228828125015,111.30940750000022,111.38234999999972,111.81412499999945,0.2118680390099448,66.99650680607768,77.82772318135609,NaN,NaN,NaN,NaN,0.005527038680940177,0.27966590476226827,0.2741388660813281,76.82095133611541,81.35473583783592
1765162800,112.15402171148301,112.194,112.148,112.17249999999999,112.45,110.718,111.584,NaN,NaN,NaN,NaN,NaN,112.20252360323947,112.2610337724796,112.14401343399933,112.31954394171974,112.0855032647592,111.88131249999942,112.78748955051216,110.97513544948669,111.88131249999942,112.33440102525579,111.42822397474306,111.59116302656183,111.90484111593979,109.20960234374984,111.32569140625151,111.31723000000022,111.38981249999972,111.88131249999942,0.2019846076520923,68.61650025255041,77.63395120638094,NaN,NaN,NaN,NaN,-0.005776841074656036,0.266917814738008,0.27269465581266406,73.6451675504306,77.44083051683697
1765166400,112.1632608557415,112.224,112.161,112.18725,112.45,110.718,111.584,NaN,NaN,NaN,NaN,NaN,112.20186105632598,112.25876581082495,112.14495630182701,112.31567056532393,112.08805154732804,111.94226249999943,112.75360716280571,111.13091783719315,111.94226249999943,112.34793483140257,111.53659016859629,111.61453898630451,111.93051465085435,109.21395039062483,111.3286156250015,111.32487625000022,111.39796874999972,111.94226249999943,0.19205713567694302,69.08012271562731,77.06851728540246,NaN,NaN,NaN,NaN,-0.014103856940908988,0.25506483463652785,0.26916869157743684,71.62491221779395,74.03034370144664
1765170000,112.17525542787075,112.35,112.17525542787075,112.2535,112.45,110.718,111.584,NaN,NaN,NaN,NaN,NaN,112.20866597314561,112.26526028403238,112.15207166225885,112.32185459491915,112.09547735137208,112.00074999999943,112.71947249512849,111.28202750487037,112.00074999999943,112.36011124756395,111.6413887524349,111.63959628095924,111.95987695532213,109.21829257812485,111.33185000000151,111.33256875000023,111.40686562499972,112.00074999999943,0.19082052399496438,71.14219966366962,76.44318910892626,NaN,NaN,NaN,NaN,-0.016809761031824966,0.24815649028765563,0.2649662513194806,70.91211835389753,72.06073270737402
1765173600,112.21437771393538,112.38,112.21437771393538,112.31875,112.45,110.718,111.584,NaN,NaN,NaN,NaN,NaN,112.22014665638234,112.28167491248969,112.15861840027499,112.34320316859704,112.09709014416764,112.05766249999945,112.68157650196672,111.43374849803219,112.05766249999945,112.36961950098309,111.74570549901581,111.66622976013731,111.99250177756558,109.22268808593735,111.3353914062515,111.34078000000021,111.41621874999971,112.05766249999945,0.1890206498570825,73.04865594550304,75.84790975071607,NaN,NaN,NaN,NaN,-0.015876118015411944,0.24512110380021568,0.2609972218156276,71.3856770377088,71.30756920313341
1765177200,112.26656385696768,112.38,112.26656385696768,112.339,112.45,110.718,111.584,NaN,NaN,NaN,NaN,NaN,112.23099724502177,112.29781706551269,112.16417742453085,112.36463688600361,112.09735760403993,112.11137499999946,112.6288850602645,111.59386493973442,112.11137499999946,112.37013003013197,111.85261996986694,111.6926129067986,112.02400161596871,109.22710507812485,111.33889296875152,111.34890625000021,111.42608749999972,112.11137499999946,0.18362175651245635,73.63087778803845,75.20905224937965,NaN,NaN,NaN,NaN,-0.015545830478992273,0.24156493371688725,0.2571107641958795,72.71357258011632,71.67045599057421
1765180800,112.30278192848384,112.496,112.30278192848384,112.424,112.45,110.718,111.584,NaN,NaN,NaN,NaN,NaN,112.24649275047945,112.32754496241891,112.16544053853998,112.40859717435838,112.08438832660052,112.16626249999945,112.55617112629812,111.77635387370077,112.16626249999945,112.36121681314879,111.97130818685011,111.72129475359081,112.0603651054261,109.23159335937484,111.34280859375151,111.35709500000021,111.43770937499971,112.16626249999945,0.1843072075841492,75.97681917910876,74.66486076229418,NaN,NaN,NaN,NaN,-0.011443402862466201,0.2428065106177968,0.254249913480263,77.04055986798367,73.71326982860292
1765184400,112.36339096424192,112.532,112.36339096424192,112.4755,112.45,110.718,111.584,112.45,NaN,NaN,NaN,NaN,112.26403421294006,112.3610197851914,112.16704864068872,112.45800535744274,112.07006306843738,112.21216249999944,112.50983464661722,111.91449035338165,112.21216249999944,112.36099857330832,112.06332642669055,111.75087142992058,112.09810464129646,109.23611249999985,111.34702421875151,111.36548125000022,111.4500468749997,112.21216249999944,0.1831859095965729,77.29483072755004,74.20588579253692,NaN,NaN,NaN,NaN,-0.0073035368648314836,0.24512049239922362,0.2524240292640551,81.39327756041251,77.04913666950415
1765188000,112.41944548212095,112.53,112.41944548212095,112.48725,112.45,110.718,111.584,NaN,NaN,NaN,NaN,NaN,112.27704157724548,112.38410417104117,112.1699789834498,112.49116676483686,112.0629163896541,112.24634999999944,112.50260609259784,111.99009390740103,112.24634999999944,112.37447804629863,112.11822195370024,111.77974902090409,112.1334814920877,109.24060371093734,111.3514710937515,111.37451125000021,111.46254999999971,112.24634999999944,0.17799795304532143,77.59683521738819,73.73492711748436,NaN,NaN,NaN,NaN,-0.005877329730520464,0.24507736710090455,0.250954696831425,87.23290598290743,81.88891447043453
1765191600,112.45334774106047,112.627,112.45334774106047,112.5575,112.45,110.718,111.584,NaN,NaN,NaN,NaN,NaN,112.28796480070962,112.40550121990657,112.17042838151266,112.52303763910352,112.05289196231571,112.27571249999941,112.533268672295,112.01815632770384,112.27571249999941,112.4044905861472,112.14693441385162,111.8102490593,112.17202862917064,109.24514121093735,111.3564257812515,111.3837300000002,111.47626874999972,112.27571249999941,0.1776875463234789,79.36411346556244,73.29609535681816,NaN,NaN,NaN,NaN,-0.002480026577436234,0.2478546636096297,0.25033469018706594,88.67360067404582,85.7665947391219
1765195200,112.50542387053024,112.762,112.50542387053024,112.66325,112.45,110.718,111.584,NaN,NaN,NaN,NaN,NaN,112.3054293759729,112.4434206161426,112.16743813580321,112.5814118563123,112.02944689563351,112.30546249999944,112.59567596776583,112.01524903223304,112.30546249999944,112.45056923388263,112.16035576611624,111.84370007658237,112.21668511742786,109.24973945312483,111.36170312500153,111.39289625000019,111.49141249999973,112.30546249999944,0.1833224451196421,81.70388365308892,73.7162591634274,NaN,NaN,NaN,NaN,0.004245808676416607,0.2556419510325867,0.2513961423561701,87.98196237495789,87.96282301063702
1765198800,112.58433693526513,112.733,112.58433693526513,112.68525,112.45,110.718,111.584,NaN,NaN,NaN,NaN,NaN,112.32482646232691,112.48189009939395,112.16776282525987,112.63895373646099,112.01069918819283,112.33209999999943,112.65699049693248,112.00720950306638,112.33209999999943,112.49454524846595,112.1696547515329,111.87670203436345,112.25928192493441,109.25431249999983,111.36700234375152,111.40185625000021,111.50701874999973,112.33209999999943,0.1808467750921588,82.15713759151694,74.10937214671807,NaN,NaN,NaN,NaN,0.007350917567203685,0.2605847893151747,0.253233871747971,87.50405031036895,88.0532044531242
1765202400,112.63479346763256,112.816,112.599,112.7145,112.45,110.718,111.584,NaN,NaN,NaN,NaN,NaN,112.36793918042738,112.55937209758085,112.17650626327392,112.75080501473431,111.98507334612046,112.35639999999941,112.7173587719139,111.99544122808493,112.35639999999941,112.53687938595665,112.17592061404217,111.90955685654528,112.30066538630402,109.25892343749982,111.37220703125152,111.41055125000021,111.52342499999972,112.35639999999941,0.18342914829986165,82.76835713363764,74.79222462447754,NaN,NaN,NaN,NaN,0.00846977421432088,0.26382108951587213,0.25535131530155125,87.11979769960789,87.53527012831155
1765206000,112.67464673381627,112.812,112.578,112.68099999999998,112.45,110.718,111.584,NaN,NaN,NaN,NaN,NaN,112.39344193413241,112.59671320739851,112.19017066086631,112.7999844806646,111.98689938760022,112.37856249999943,112.76142539566904,111.99569960432983,112.37856249999943,112.56999394783423,112.18713105216463,111.93980952883761,112.33524126027638,109.26347753906234,111.37711562500151,111.4186087500002,111.53915624999972,112.37856249999943,0.18704135199272828,79.41308023866583,75.6278514555704,NaN,NaN,NaN,NaN,0.0042611713877035995,0.26067777953618076,0.25641660814847717,85.85160996972002,86.82515265989893
1765209600,112.67782336690813,112.67782336690813,112.538,112.592,112.45,110.718,111.584,NaN,NaN,NaN,NaN,NaN,112.40369783704215,112.60700359646587,112.20039207761842,112.8103093558896,111.99708631819469,112.39459999999943,112.78493717476793,112.00426282523092,112.39459999999943,112.58976858738369,112.19943141261517,111.96538562574594,112.35858296388761,109.26794472656233,111.38166562500153,111.42594625000021,111.55298124999972,112.39459999999943,0.18389554113610387,71.15976523951014,75.92522705795842,NaN,NaN,NaN,NaN,-0.006617550325864863,0.24814467024114606,0.2547622205670109,78.33919926105148,83.77020231012644
1765213200,112.63491168345406,112.63491168345406,112.483,112.5505,112.45,110.718,111.584,NaN,NaN,NaN,NaN,NaN,112.41171711853809,112.61250802083185,112.21092621624433,112.81329892312561,112.01013531395057,112.40366249999943,112.79960066674222,112.00772433325663,112.40366249999943,112.60163158337083,112.20569341662802,111.98833128748139,112.37602996717055,109.27234921874985,111.38567656250152,111.4332162500002,111.56611874999972,112.40366249999943,0.1816109798731007,67.63021073010934,75.85477780635549,NaN,NaN,NaN,NaN,-0.0180602710005201,0.23218688181636082,0.2502471528168809,69.32686235454928,77.83922386177358
1765216800,112.59270584172702,112.59270584172702,112.386,112.46350000000001,112.45,110.718,111.584,NaN,NaN,NaN,NaN,NaN,112.41362451109858,112.61194442667315,112.215304595524,112.81026434224772,112.01698467994943,112.41534999999942,112.80379257620937,112.02690742378947,112.41534999999942,112.60957128810439,112.22112871189445,112.00696535463898,112.38398178833687,109.27666972656235,111.38871328125151,111.4401200000002,111.57772499999973,112.41534999999942,0.18340347000552418,60.81961794891534,75.26474175159035,NaN,NaN,NaN,NaN,-0.03211918966442093,0.21009816573635476,0.24221735540077569,56.97286427330673,68.21297529630247
1765220400,112.52810292086352,112.58,112.392,112.48525000000001,112.45,110.718,111.584,NaN,NaN,NaN,NaN,NaN,112.41661829696328,112.61131090457478,112.22192568935178,112.80600351218628,112.02723308174028,112.4260874999994,112.80976360938936,112.04241139060943,112.4260874999994,112.61792555469438,112.23424944530441,112.02572161524137,112.39318798939715,109.28100214843737,111.39169531250153,111.44711875000021,111.59020312499975,112.4260874999994,0.18373179357655833,61.85385367441716,74.60128846664374,NaN,NaN,NaN,NaN,-0.040067521725717425,0.1921329532436289,0.23220047496934632,49.82505752476944,58.70826138420847
1765224000,112.50667646043176,112.596,112.50667646043176,112.56225,112.45,110.718,111.584,NaN,NaN,NaN,NaN,NaN,112.4192156851675,112.61298419514435,112.22544717519065,112.8067527051212,112.0316786652138,112.44326249999942,112.81894549387282,112.06757950612602,112.44326249999942,112.63110399693612,112.25542100306272,112.04676194405543,112.40855726308831,109.28533808593735,111.39496093750154,111.45461500000022,111.60401562499972,112.44326249999942,0.17851880832108957,65.34182354450071,74.05080043800072,NaN,NaN,NaN,NaN,-0.04015194387282012,0.18201054512832116,0.22216248900114127,47.941937599057276,51.579953132377796
1765227600,112.53446323021589,112.568,112.519,112.53975,112.45,110.718,111.584,NaN,NaN,NaN,NaN,NaN,112.42099700795198,112.61391829246321,112.22807572344075,112.80683957697444,112.03515443892952,112.46364999999943,112.81287802007046,112.11442197992841,112.46364999999943,112.63826401003494,112.28903598996392,112.06609480899444,112.42048387553483,109.28959160156236,111.39820781250152,111.46186750000021,111.61769999999972,112.46364999999943,0.16926746486958263,63.51427109782724,73.3281856744142,NaN,NaN,NaN,NaN,-0.041561337234377355,0.17021081745816957,0.21177215469254693,48.33763784370425,48.7015443225103
1765231200,112.53710661510794,112.571,112.496,112.53125,112.816,112.064,112.44,NaN,NaN,NaN,NaN,NaN,112.53275000000001,112.53275000000001,112.53275000000001,112.53275000000001,112.53275000000001,112.48418749999944,112.79665609342075,112.17171890657812,112.48418749999944,112.6404217967101,112.32795320328877,112.08433618903386,112.43055352321348,109.29379609374988,111.40094218750153,111.46873000000022,111.63189062499973,112.48418749999944,0.16253407452175553,62.79968078294409,72.38696150325958,NaN,NaN,NaN,NaN,-0.0427391401672767,0.15834822948345106,0.20108736965072777,45.692083607432835,47.323886350064775
1765234800,112.53417830755397,112.611,112.523,112.55475000000001,112.816,112.064,112.44,NaN,NaN,NaN,NaN,NaN,112.54726329734054,112.56233585534811,112.53219073933296,112.57740841335568,112.51711818132539,112.50329999999943,112.78212156481717,112.22447843518168,112.50329999999943,112.6427107824083,112.36388921759055,112.10278378946391,112.44184411201225,109.29805371093737,111.40373671875155,111.47527500000022,111.64738437499973,112.50329999999943,0.15721021205591643,64.00542846454788,71.4377184844737,NaN,NaN,NaN,NaN,-0.04157046794231767,0.14912428472283068,0.19069475266514835,40.8347159303295,44.954812460488846
1765238400,112.544464153777,112.634,112.486,112.57275,112.816,112.064,112.44,NaN,NaN,NaN,NaN,NaN,112.55585982716049,112.56943692014471,112.54228273417627,112.58301401312893,112.52870564119205,112.52257499999942,112.76182905433623,112.28332094566261,112.52257499999942,112.64220202716783,112.40294797283102,112.12121383693592,112.45374464728386,109.30235546874988,111.40709453125154,111.48177250000022,111.66400937499971,112.52257499999942,0.15655233976620783,64.94272550195006,70.53385350479955,NaN,NaN,NaN,NaN,-0.03924858392208233,0.14163402276254544,0.18088260668462777,39.92046717283056,42.149088903530945
1765242000,112.5586070768885,112.641,112.482,112.56375000000001,112.816,112.064,112.44,NaN,NaN,NaN,NaN,NaN,112.55845769591465,112.56937779605146,112.54753759577785,112.58029789618826,112.53661749564105,112.53808749999943,112.74336476829419,112.33281023170468,112.53808749999943,112.64072613414682,112.43544886585205,112.13856819627176,112.46374513389442,109.3066976562499,111.41037421875153,111.48794000000022,111.68059062499972,112.53808749999943,0.15672717264005057,64.04472151406355,69.43961122254963,NaN,NaN,NaN,NaN,-0.0379592275482149,0.13343357224935914,0.17139279979757405,41.33720930232786,40.69746413516262
1765245600,112.56117853844427,112.565,112.466,112.51875,112.816,112.064,112.44,NaN,NaN,NaN,NaN,NaN,112.55075949579029,112.56974424793785,112.53177474364273,112.58872900008541,112.51278999149517,112.54808749999943,112.72750811444266,112.3686668855562,112.54808749999943,112.63779780722105,112.4583771927778,112.15347728661405,112.46874557626765,109.31100937499988,111.41330156250153,111.49353375000022,111.69657187499972,112.54808749999943,0.1526038031657615,59.60662279610574,67.86123544705083,NaN,NaN,NaN,NaN,-0.039595548830880845,0.121898363758973,0.16149391258985385,38.54651162790809,39.93472936768882
1765249200,112.53996426922214,112.562,112.507,112.53575000000001,112.816,112.064,112.44,NaN,NaN,NaN,NaN,NaN,112.5474371195796,112.56550463618369,112.5293696029755,112.58357215278778,112.51130208637142,112.55792499999943,112.70988413105137,112.40596586894749,112.55792499999943,112.6339045655254,112.48194543447346,112.1684683734135,112.47483688751605,109.3153054687499,111.41605234375155,111.49895875000021,111.71286562499972,112.55792499999943,0.14563210293963516,60.71419082369847,66.32959639220665,NaN,NaN,NaN,NaN,-0.0389329081014973,0.11282777746298223,0.15176068556447952,35.67829457364521,38.52067183462703
1765252800,112.53785713461107,112.656,112.52,112.5865,112.816,112.064,112.44,NaN,NaN,NaN,NaN,NaN,112.55281476662739,112.57447446775521,112.53115506549958,112.59613416888303,112.50949536437176,112.56604999999945,112.70534694899305,112.42675305100585,112.56604999999945,112.63569847449625,112.49640152550265,112.18486177053454,112.48498807956004,109.3196128906249,111.41886718750155,111.50472125000022,111.72950937499975,112.56604999999945,0.1449440955868048,63.89676255893636,64.98162535115657,NaN,NaN,NaN,NaN,-0.03462147711652239,0.10848383916882653,0.14310531628534892,37.58780070604606,37.27086896919977
1765256400,112.56217856730554,112.727,112.56217856730554,112.64500000000001,112.816,112.064,112.44,NaN,NaN,NaN,NaN,NaN,112.56830343220442,112.60797420882912,112.52863265557971,112.64764498545382,112.48896187895501,112.57452499999945,112.71135737004252,112.43769262995639,112.57452499999945,112.64294118502099,112.50610881497792,112.20290640698417,112.49953461778186,109.32392773437489,111.42158125000154,111.51081250000021,111.74659999999975,112.57452499999945,0.14636390538020924,67.19572551322838,64.10895715648246,NaN,NaN,NaN,NaN,-0.027675571180559605,0.10851085230964941,0.136186423490209,52.61479609125686,41.960297123649354
1765260000,112.60358928365278,112.696,112.60358928365278,112.6605,112.816,112.064,112.44,NaN,NaN,NaN,NaN,NaN,112.5708368948979,112.6125019106486,112.52917187914719,112.65416692639931,112.48750686339648,112.58318749999944,112.71875260201982,112.44762239797906,112.58318749999944,112.65097005100962,112.51540494898926,112.2208512537691,112.51416783434715,109.32827695312487,111.42412343750152,111.5171312500002,111.76377499999974,112.58318749999944,0.14251010616356694,68.02929913595038,63.88535243479963,NaN,NaN,NaN,NaN,-0.02212362456954825,0.10853189277827369,0.13065551734782194,67.83911353425295,52.6805701105186